Sample	1.0	2.0	3.0	4.0	5.0	6.0	7.0	8.0	9.0	>10	>100	>500	>1k	>10k+	>5k	>50
230929-COI-COL-071-B1_S107_L001_R1_001										17.80325128900522	21.76723798111036	0.0	0.0	0.0	0.0	16.819350057551915
230929-COI-COL-071-B1_S107_L001_R2_001										9.534696709291875	12.569968937733558	7.432869238895634	18.549061036565178	0.0	0.0	3.1708740007253122
230929-COI-COL-071-B2_S108_L001_R1_001										16.85332906676419	29.25075998262897	0.0	0.0	0.0	0.0	14.622522913761971
230929-COI-COL-071-B2_S108_L001_R2_001										8.686658590660786	11.682018696715504	5.135882608397522	27.39594523553747	0.0	0.0	4.053621631505566
230929-COI-COL-071-B3_S109_L001_R1_001										16.264615918606417	27.97253617372063	0.0	0.0	0.0	0.0	14.50311300084604
230929-COI-COL-071-B3_S109_L001_R2_001										8.324836757272708	11.339132698440245	5.016595440050329	26.529926025554808	0.0	0.0	3.700891598151723
230929-COI-COL-071-S1_S104_L001_R1_001										38.52122754014947	0.0	0.0	0.0	0.0	0.0	4.315471458101447
230929-COI-COL-071-S1_S104_L001_R2_001										4.830656702178407	14.727301637780252	11.543965654317063	12.097312768325647	0.0	0.0	5.126411194148513
230929-COI-COL-071-S2_S105_L001_R1_001										19.260125783249748	33.23179559642803	0.0	0.0	0.0	0.0	15.435666384831883
230929-COI-COL-071-S2_S105_L001_R2_001										7.521514031897521	12.621179304833275	8.795561681279606	21.06927344537231	0.0	7.915310578070166	3.1746950972330006
230929-COI-COL-071-S3_S106_L001_R1_001										18.012456594829963	39.793584302485804	2.3369894725238387	0.0	0.0	0.0	6.926913961307392
230929-COI-COL-071-S3_S106_L001_R2_001										6.910378658435761	12.533759576696246	9.181226919473074	22.39431185581216	0.0	7.837733561153063	3.108636939866615
230929-COI-COL-072-B1_S113_L001_R1_001										14.31604662047237	44.545153594137055	2.432620632184564	0.0	0.0	0.0	4.562733302131254
230929-COI-COL-072-B1_S113_L001_R2_001										8.92683873471764	8.072967203570736	7.58210522710928	17.055741372815376	0.0	15.01124416387941	3.7659387449914954
230929-COI-COL-072-B2_S114_L001_R1_001										6.930039461909722	25.487405929555358	38.31179309636627	0.0	0.0	0.0	1.986298355509264
230929-COI-COL-072-B2_S114_L001_R2_001										6.011706544222277	7.188228908416096	5.106576495958455	15.932929423328005	21.78033359250077	12.803849369929733	2.2914313377440694
230929-COI-COL-072-S1_S110_L001_R1_001										18.05244849436044	22.87916232328793	16.556764543974513	0.0	0.0	0.0	3.208048817624943
230929-COI-COL-072-S1_S110_L001_R2_001										9.327820658475737	6.664402253481535	5.338549291980463	11.850689279565232	12.043945232434206	7.654106981810516	3.7843029316342425
230929-COI-COL-072-S2_S111_L001_R1_001										7.9077107861622045	35.87938715939721	0.0	0.0	0.0	0.0	6.444044077596682
230929-COI-COL-072-S2_S111_L001_R2_001										8.473345344338766	5.452437815114314	6.363039622351644	13.99421795784975	0.0	9.08367201575397	1.9175709836454797
230929-COI-COL-072-S3_S112_L001_R1_001										8.172372027793715	32.28150698030216	0.0	0.0	0.0	0.0	12.201185695161598
230929-COI-COL-072-S3_S112_L001_R2_001										6.937804126559147	8.265867703618708	5.125262956588258	35.00988079301332	0.0	0.0	2.5435073627844713
230929-COI-COL-073-B1_S118_L001_R1_001										22.306390703616135	29.882674615358756	0.0	0.0	0.0	0.0	13.531079460773876
230929-COI-COL-073-B1_S118_L001_R2_001										8.135456470825536	13.235244680016583	7.602057396429812	22.89357791996773	0.0	0.0	3.9287755353601
230929-COI-COL-073-B2_S119_L001_R1_001										10.831661572846121	35.14736175999354	0.0	0.0	0.0	0.0	15.455145207545137
230929-COI-COL-073-B2_S119_L001_R2_001										8.019064801475636	10.726643598615917	5.883699325461473	33.386291115210106	0.0	0.0	3.70255678375722
230929-COI-COL-073-B3_S120_L001_R1_001										16.40646976090014	14.418073136427568	0.0	0.0	0.0	0.0	19.321378340365683
230929-COI-COL-073-B3_S120_L001_R2_001										9.062939521800281	14.235232067510548	6.077707454289732	22.593178621659636	0.0	0.0	5.335794655414908
230929-COI-COL-073-S1_S115_L001_R1_001										21.64503022495293	23.993657714795365	0.0	0.0	0.0	0.0	12.099890991973044
230929-COI-COL-073-S1_S115_L001_R2_001										8.034882568625507	16.151025666435437	5.78337132097909	19.157665246259043	0.0	0.0	3.7320384501040533
230929-COI-COL-073-S2_S116_L001_R1_001										17.508425527860812	37.803527408271904	3.27732193257196	0.0	0.0	0.0	12.407855092829667
230929-COI-COL-073-S2_S116_L001_R2_001										6.915482726179276	7.621678912958045	9.724785938002405	16.503316621214466	0.0	15.577997165688155	3.2844672565528574
230929-COI-COL-073-S3_S117_L001_R1_001										11.052430034783162	40.835115039729395	1.643424705619555	0.0	0.0	0.0	12.791588218399975
230929-COI-COL-073-S3_S117_L001_R2_001										6.785908032038804	8.094265564667964	6.597632191977534	15.598174681686187	0.0	20.083288125857614	2.037527523374924
230929-COI-COL-074-B1_S124_L001_R1_001										20.342324056364415	34.90085483430266	0.0	0.0	0.0	0.0	11.566610718607285
230929-COI-COL-074-B1_S124_L001_R2_001										8.073109801319333	11.870096412818611	9.948670908310238	19.130332956009212	0.0	5.074358874273	3.3295600921191304
230929-COI-COL-074-B2_S125_L001_R1_001										9.514839304936183	42.78025526679994	0.0	0.0	0.0	0.0	14.326721000563841
230929-COI-COL-074-B2_S125_L001_R2_001										7.262032907888667	7.455533343585012	5.4346711774053	31.795581526474958	0.0	0.0	2.635962888923061
230929-COI-COL-074-B3_S126_L001_R1_001										12.641585760517799	41.63531553398058	0.0	0.0	0.0	0.0	9.12621359223301
230929-COI-COL-074-B3_S126_L001_R2_001										8.182645631067961	10.734223300970875	4.120145631067961	29.309263754045308	0.0	0.0	3.9158576051779934
230929-COI-COL-074-S1_S121_L001_R1_001										14.13877183845462	37.053169830973914	10.829269447469343	0.0	0.0	0.0	4.062307655887505
230929-COI-COL-074-S1_S121_L001_R2_001										7.800293546707068	8.111595094929218	6.569291226741159	16.933383835992615	0.0	17.268358505752566	3.8397803134321293
230929-COI-COL-074-S2_S122_L001_R1_001										12.642292000090166	36.10328426842188	16.908234339427	0.0	0.0	0.0	3.339494623898294
230929-COI-COL-074-S2_S122_L001_R2_001										8.064152559565404	8.377476726100578	3.8410387034240245	12.88799224579041	13.138200752879653	16.508126141153664	3.4127538714694676
230929-COI-COL-074-S3_S123_L001_R1_001										12.671261429008144	47.004140844287576	2.9055387266209043	0.0	0.0	0.0	2.7790901258927825
230929-COI-COL-074-S3_S123_L001_R2_001										7.88983686740961	8.321985381985938	4.249228802490065	24.414306755968095	0.0	8.831948420087263	3.6378289747936527
230929-COI-COL-075-B1_S130_L001_R1_001										16.19250856404785	30.692424327511652	0.0	0.0	0.0	0.0	13.630594709945527
230929-COI-COL-075-B1_S130_L001_R2_001										8.138372550120739	12.912899421575785	7.468972875835346	27.61498287190431	0.0	0.0	3.5940922109282867
230929-COI-COL-075-B2_S131_L001_R1_001										12.637125815107824	27.910404182250463	0.8801078931635221	0.0	0.0	0.0	14.73798367698789
230929-COI-COL-075-B2_S131_L001_R2_001										8.0322011039584	10.986749718448898	5.491984483405864	22.446227215216272	0.0	0.0	4.596582456237921
230929-COI-COL-075-B3_S132_L001_R1_001										22.1550152493568	4.7281525276447836	0.0	0.0	0.0	0.0	22.40207186791842
230929-COI-COL-075-B3_S132_L001_R2_001										7.7473547903426425	14.351433780307033	9.693138641358983	11.064728834063144	0.0	0.0	3.813191119592442
230929-COI-COL-075-S1_S127_L001_R1_001										24.914149629487873	25.159740163089122	0.0	1.183299843715115	0.0	0.0	5.694298259603015
230929-COI-COL-075-S1_S127_L001_R2_001										9.236755653366505	13.858322967499124	5.148895905761278	11.811735187488704	0.0	7.3655896830712635	4.877789472565093
230929-COI-COL-075-S2_S128_L001_R1_001										22.426994301994302	1.295405982905983	0.0	0.0	0.0	0.0	0.0
230929-COI-COL-075-S2_S128_L001_R2_001										8.44017094017094	16.123575498575498	11.05324074074074	0.0	0.0	0.0	4.852207977207977
230929-COI-COL-075-S3_S129_L001_R1_001										23.70680628272251	28.676439790575913	0.812565445026178	0.0	0.0	0.0	8.06282722513089
230929-COI-COL-075-S3_S129_L001_R2_001										9.26806282722513	11.180104712041885	4.870157068062827	21.69738219895288	0.0	5.700523560209424	3.696335078534031
230929-COI-COL-076-B1_S136_L001_R1_001										19.474767637701955	1.4596718857214146	0.0	0.0	0.0	0.0	0.34620422930572015
230929-COI-COL-076-B1_S136_L001_R2_001										13.695340278210965	18.064999064312897	2.4015969059946354	0.0	0.0	0.0	5.118208471087268
230929-COI-COL-076-B2_S137_L001_R1_001										26.600305707788092	12.290757931625844	0.0	3.4876784848823768	0.0	0.0	10.576743839242441
230929-COI-COL-076-B2_S137_L001_R2_001										9.803154009618611	15.547291503560375	5.921224322409873	10.025910599112702	0.0	6.094583007120755	4.359132088133318
230929-COI-COL-076-B3_S138_L001_R1_001										20.253874977303116	18.873904359452634	1.3287994585761214	0.0	0.0	0.0	8.538980868589162
230929-COI-COL-076-B3_S138_L001_R2_001										10.613888843036595	13.499281953087602	4.2191446162988395	17.875241412323998	0.0	0.0	5.734471203842789
230929-COI-COL-076-S1_S133_L001_R1_001										23.264133296049526	17.40543250826833	0.48790365349198234	1.4608182510678918	0.0	0.0	17.12483969568697
230929-COI-COL-076-S1_S133_L001_R2_001										8.173832550694732	10.524641062974284	10.121590218785254	13.405779633397295	0.0	6.886576864110154	4.901213973714913
230929-COI-COL-076-S2_S134_L001_R1_001										27.586822605124546	0.0	0.0	4.404368657560337	0.0	0.0	1.9045918519179836
230929-COI-COL-076-S2_S134_L001_R2_001										7.451715620629111	9.115257566288724	3.770496681843883	3.062226586911883	0.0	0.0	3.7794244561497483
230929-COI-COL-076-S3_S135_L001_R1_001										18.064548612859372	17.719148079150095	0.0	1.731030663108605	0.0	0.0	14.54005337092795
230929-COI-COL-076-S3_S135_L001_R2_001										8.88374200694829	13.396102915261066	5.9141030159609285	15.40707920044308	0.0	6.0913347766980515	5.873823070338855
230929-COI-COL-077-B1_S146_L001_R1_001										18.308419768151314	32.94234289200732	0.9014643075045758	0.0	0.0	0.0	8.017083587553387
230929-COI-COL-077-B1_S146_L001_R2_001										8.334350213544845	11.815131177547284	4.121415497254423	23.92769981696156	0.0	0.0	2.541183648566199
230929-COI-COL-077-B2_S147_L001_R1_001										14.74808707263825	34.25782657538311	0.0	1.724284109455478	0.0	0.0	8.885309141779182
230929-COI-COL-077-B2_S147_L001_R2_001										8.701964857245809	12.297844379914793	3.903219652811632	19.60194154178766	0.0	6.411750990906971	3.7919413298289495
230929-COI-COL-077-B3_S148_L001_R1_001										20.402661216680436	21.925685959038134	0.0	2.403574379266861	0.0	0.0	7.842327260077401
230929-COI-COL-077-B3_S148_L001_R2_001										8.768535026307779	11.66565204157064	7.043309996956125	18.162151584989346	0.0	0.0	3.6156890029134234
230929-COI-COL-077-S1_S143_L001_R1_001										22.545908806995627	0.28732042473454095	1.4091193004372267	0.0	0.0	0.0	9.611492816989381
230929-COI-COL-077-S1_S143_L001_R2_001										11.652717051842599	15.650218613366645	8.834478450968145	5.331667707682699	0.0	0.0	4.017489069331668
230929-COI-COL-077-S2_S144_L001_R1_001										25.702334520377594	10.031466093870707	0.0	2.256326192225802	0.0	0.0	15.984587266595069
230929-COI-COL-077-S2_S144_L001_R2_001										10.201985943888605	14.652459819493904	8.338514875737193	12.247282045484521	0.0	0.0	5.873984888738153
230929-COI-COL-077-S3_S145_L001_R1_001										26.49301329178636	10.455231510784362	0.0	4.821072106723793	0.0	0.0	11.132966551438725
230929-COI-COL-077-S3_S145_L001_R2_001										10.185500754661863	14.774818637713619	9.71322849213691	10.693802035152636	0.0	0.0	4.696431179706899
230929-COI-COL-078-B1_S152_L001_R1_001										16.043337480038467	37.38828158774693	7.711106993815234	0.0	0.0	0.0	8.357816539177541
230929-COI-COL-078-B1_S152_L001_R2_001										7.612291892750324	9.011584306044485	7.081160724526438	19.17454099503278	0.0	13.269456428716374	3.2741325004631956
230929-COI-COL-078-B2_S153_L001_R1_001										18.463889809597468	24.596729643133354	0.0	1.1490443044967407	0.0	0.0	14.909954701137995
230929-COI-COL-078-B2_S153_L001_R2_001										8.62980149523073	13.771038190991788	4.575921629285898	21.21404633005561	0.0	4.900931757080249	4.06953191175929
230929-COI-COL-078-B3_S154_L001_R1_001										23.021415905060703	17.42190697039967	0.0	1.4486427499658983	0.0	0.0	13.834401855135726
230929-COI-COL-078-B3_S154_L001_R2_001										9.0042286181967	11.006683944891556	6.637566498431319	15.628154412767698	0.0	0.0	4.127676988132587
230929-COI-COL-078-S1_S149_L001_R1_001										21.083322306029732	6.694896563892197	0.0	0.0	0.0	4.530898504697632	18.553217767191565
230929-COI-COL-078-S1_S149_L001_R2_001										10.0198491464867	15.756693573287459	6.469939570376251	8.895064178906974	0.0	0.0	5.220766618146531
230929-COI-COL-078-S2_S150_L001_R1_001										24.95773321634173	0.21614912149292698	0.0	4.592633809146746	0.0	0.0	3.5140282919939225
230929-COI-COL-078-S2_S150_L001_R2_001										10.944421854602265	12.960386928328377	9.084683373638368	0.0	0.0	0.0	5.649838423181458
230929-COI-COL-078-S3_S151_L001_R1_001										15.745186593772283	4.354647016876634	0.0	0.0	0.0	0.0	28.264796767292605
230929-COI-COL-078-S3_S151_L001_R2_001										7.3235084383170905	11.801758973140004	7.6990729736154035	22.037081055383883	0.0	0.0	1.7542191585452818
230929-COI-COL-079-B1_S158_L001_R1_001										16.007967546821483	6.578084387980663	1.6663832681516748	0.0	0.0	0.0	26.747151844924332
230929-COI-COL-079-B1_S158_L001_R2_001										7.48172079578303	10.629873442320305	8.907620181213108	19.13668715233075	0.0	0.0	3.517380426069425
230929-COI-COL-079-B2_S159_L001_R1_001										15.26096512810419	16.62566020404816	0.0	0.0	0.0	0.0	19.37801397500246
230929-COI-COL-079-B2_S159_L001_R2_001										8.345635272118885	10.67808286585966	9.623396647311615	21.664534330610504	0.0	0.0	3.6561362070662335
230929-COI-COL-079-B3_S160_L001_R1_001										13.84555088258792	38.313812387886465	0.0	0.0	0.0	0.0	10.692051432792175
230929-COI-COL-079-B3_S160_L001_R2_001										7.457151901596346	9.908198797087685	5.6120833898611675	31.161157087083012	0.0	0.0	2.2580985543948504
230929-COI-COL-079-S1_S155_L001_R1_001										27.364916240465497	16.12521109963903	0.0	2.288280068192187	0.0	0.0	14.13547194275698
230929-COI-COL-079-S1_S155_L001_R2_001										13.015743430899384	12.864472030798538	7.86931431635732	4.049911558255497	0.0	0.0	6.539086448803835
230929-COI-COL-079-S2_S156_L001_R1_001										24.32661284435815	15.313079404937444	0.0	3.427157393754471	0.0	0.0	11.749419682613837
230929-COI-COL-079-S2_S156_L001_R2_001										9.41939063024658	13.406426558827395	6.9805976904098	11.527512153816955	0.0	4.075360964713783	4.306757960202637
230929-COI-COL-079-S3_S157_L001_R1_001										20.546317323110234	15.53325356709724	0.83754547896369	0.0	0.0	5.3581748182876305	9.018468325478802
230929-COI-COL-079-S3_S157_L001_R2_001										8.982654913355962	11.62959164570768	6.0557224134984	6.60676059547937	0.0	6.811059832816481	5.390732465672031
230929-COI-COL-080-B1_S164_L001_R1_001										17.31994483513227	29.360475056133673	6.214026009551272	0.0	0.0	0.0	12.030272291051666
230929-COI-COL-080-B1_S164_L001_R2_001										6.660815847362002	7.89860606129683	8.452534278582583	8.751154017119344	14.77255889761446	8.389846928889751	3.7806170714749765
230929-COI-COL-080-B2_S165_L001_R1_001										19.992389649923897	27.945205479452056	1.0437051532941943	0.0	0.0	0.0	8.794303109371603
230929-COI-COL-080-B2_S165_L001_R2_001										7.548380082626658	12.86475320721896	8.26918895412046	20.229397695151118	0.0	0.0	3.0278321374211785
230929-COI-COL-080-B3_S166_L001_R1_001										17.224044187451454	35.505307672391474	0.7972296539224993	0.0	0.0	0.0	10.510701648399067
230929-COI-COL-080-B3_S166_L001_R2_001										7.216061102960214	10.066238025373263	6.875161819280227	24.699016138776216	0.0	6.493268317942522	3.9451540519547765
230929-COI-COL-080-S1_S161_L001_R1_001										27.076210121789256	12.688500193092015	0.8034511665583468	0.0	0.0	0.0	14.596814452701876
230929-COI-COL-080-S1_S161_L001_R2_001										9.516139666751439	14.052389160473593	8.33309785526576	15.560390705209718	0.0	0.0	5.65147362174687
230929-COI-COL-080-S2_S162_L001_R1_001										22.213609055984314	23.555363025957295	1.0259800959861378	0.0	0.0	0.0	5.801347453859395
230929-COI-COL-080-S2_S162_L001_R2_001										10.284880473318818	11.078305080881432	2.78496597166015	12.121384845134004	0.0	5.713569156758359	5.494693402947983
230929-COI-COL-080-S3_S163_L001_R1_001										16.516066682773616	32.04058951437545	11.388258033341387	0.0	0.0	0.0	2.5977289200289926
230929-COI-COL-080-S3_S163_L001_R2_001										8.79729403237497	8.805991785455424	7.155351534187002	12.577917371345738	10.306837400338246	6.380285093017638	3.4897318192800197
230929-COI-COL-081-B1_S178_L001_R1_001										20.768880800727935	17.6953796380548	0.0	2.3897988069962595	0.0	0.0	11.486452330401375
230929-COI-COL-081-B1_S178_L001_R2_001										8.82746941664139	12.266201597411788	5.546709129511678	15.348549186128805	0.0	0.0	3.506976038823172
230929-COI-COL-081-B2_S179_L001_R1_001										15.613392623594036	17.237771383730056	0.0	3.2339349550963465	0.0	0.0	12.952306216758217
230929-COI-COL-081-B2_S179_L001_R2_001										9.261487488011161	9.99476850640858	5.274217455750283	12.346324875752027	0.0	4.47903042985439	4.4816461766501
230929-COI-COL-081-S1_S175_L001_R1_001										22.517910353135104	0.0	1.084131110124897	0.0	0.0	0.0	3.193748811259748
230929-COI-COL-081-S1_S175_L001_R2_001										13.616623343688584	11.064794268686997	4.735941165282444	4.707411399226526	0.0	0.0	7.341659798389653
230929-COI-COL-081-S2_S176_L001_R1_001										27.13311412709409	0.0	0.0	2.530953937418895	0.0	0.0	8.257310397986165
230929-COI-COL-081-S2_S176_L001_R2_001										12.298640856270307	15.982866788303362	6.9264618356733765	3.3924929993853117	0.0	0.0	7.2035593369173885
230929-COI-COL-081-S3_S177_L001_R1_001										23.0087303902866	15.358978387234329	0.0	1.786475750162713	0.0	0.0	8.825773728033754
230929-COI-COL-081-S3_S177_L001_R2_001										11.613214534192158	13.86201943577889	5.04522297282133	9.199452386830352	0.0	5.673631528154948	6.5960455147339365
230929-COI-COL-082-B1_S183_L001_R1_001										20.93865788390284	9.51832029641828	0.0	0.0	0.0	0.0	17.43104158089749
230929-COI-COL-082-B1_S183_L001_R2_001										6.663922052971044	12.23823246878002	7.2320570879648685	21.66323589954714	0.0	0.0	3.620145464525868
230929-COI-COL-082-B2_S184_L001_R1_001										21.302364991153087	14.092755501283424	0.0	1.2697186433074987	0.0	0.0	17.494455105041492
230929-COI-COL-082-B2_S184_L001_R2_001										7.745408328556833	11.886011912178832	5.895033269369751	24.800009968350487	0.0	0.0	2.378697635008847
230929-COI-COL-082-B3_S185_L001_R1_001										21.894037497888633	21.8467428635775	0.9031023027982659	0.0	0.0	0.0	13.522887224818422
230929-COI-COL-082-B3_S185_L001_R2_001										7.734924835313326	11.361972861888407	8.429705534598277	24.370249422892858	0.0	0.0	3.807218062046056
230929-COI-COL-082-S1_S180_L001_R1_001										21.717940338919753	18.069184445170627	1.9448205032444796	1.4705195835862006	0.0	0.0	5.282666542178236
230929-COI-COL-082-S1_S180_L001_R2_001										10.202138088791372	13.410204939078474	4.19868353484898	4.654311189953784	0.0	12.06012791186219	6.372251528873535
230929-COI-COL-082-S2_S181_L001_R1_001										26.31597466572836	11.701266713581985	0.0	1.5323715693173823	0.0	0.0	7.308233638282899
230929-COI-COL-082-S2_S181_L001_R2_001										11.389866291344124	15.241907107670654	3.98926812104152	11.486629134412386	0.0	0.0	5.599049964813512
230929-COI-COL-082-S3_S182_L001_R1_001										14.582222607962505	32.84564740307242	0.9931434664550605	0.0	0.0	0.0	4.907442996540736
230929-COI-COL-082-S3_S182_L001_R2_001										10.09261899743345	10.442265011840849	2.91371678672833	19.978178121086632	0.0	6.463491748602037	4.0283684425873805
230929-COI-COL-083-B1_S189_L001_R1_001										20.434857496023263	24.130943575922757	0.9888651354117064	0.0	0.0	0.0	7.215878580330094
230929-COI-COL-083-B1_S189_L001_R2_001										9.14193659510228	8.42055137336751	4.19963728102615	14.449994427501798	0.0	6.627220133942593	4.750808012239233
230929-COI-COL-083-B2_S190_L001_R1_001										24.8498804873783	8.175440642064556	0.0	1.7023261237101381	0.0	0.0	10.111933772517927
230929-COI-COL-083-B2_S190_L001_R2_001										11.599525836102528	14.776812608095765	5.8250257486542685	8.70207349540411	0.0	0.0	5.9017858877941665
230929-COI-COL-083-B3_S191_L001_R1_001										15.393587587478978	0.0	0.0	5.777681332392991	0.0	0.0	1.1039982639830739
230929-COI-COL-083-B3_S191_L001_R2_001										10.47306461237997	6.344599359843758	2.682688656214398	3.2116313134053054	0.0	0.0	5.538979005045299
230929-COI-COL-083-S1_S186_L001_R1_001										25.54471997770967	7.125104485929228	0.0	1.3686263583170801	0.0	0.0	11.940930621342991
230929-COI-COL-083-S1_S186_L001_R2_001										10.814154360546112	13.863471719141824	3.9765951518528837	8.843689049874618	0.0	0.0	5.984954026191139
230929-COI-COL-083-S2_S187_L001_R1_001										32.51673002607684	4.52810330202017	0.0	1.9180621445851267	0.0	0.0	11.009613874139935
230929-COI-COL-083-S2_S187_L001_R2_001										11.258600647208521	16.29410286216972	9.146533035910648	6.271796160733922	0.0	0.0	5.935624744729649
230929-COI-COL-083-S3_S188_L001_R1_001										23.211226303081496	19.399797595046657	0.40162242710632634	1.2056641512140314	0.0	0.0	8.99267676566447
230929-COI-COL-083-S3_S188_L001_R2_001										10.34416810767306	12.154656509231737	3.911037444916368	10.013467101226382	0.0	6.543895578168953	5.2242790319624515
230929-COI-COL-084-B1_S195_L001_R1_001										21.268830202715268	31.629316223420744	0.0	1.3770070051453722	0.0	0.0	6.5603496373442445
230929-COI-COL-084-B1_S195_L001_R2_001										8.830822639637963	11.987787489926228	3.996187465129254	19.806583596801193	0.0	0.0	3.8652284421300602
230929-COI-COL-084-B2_S196_L001_R1_001										19.330497356180175	21.253130839263708	0.0	1.8137001550510874	0.0	0.0	12.723730767701666
230929-COI-COL-084-B2_S196_L001_R2_001										8.576312964656303	11.411760028624816	4.63085914205065	17.557349023973284	0.0	0.0	3.661591062696299
230929-COI-COL-084-B3_S197_L001_R1_001										20.052928049377392	16.474892360275756	0.0	0.0	0.0	4.73117030719838	9.431645664130876
230929-COI-COL-084-B3_S197_L001_R2_001										8.571357463435678	10.256261355057616	4.724533561194947	12.0415460299815	0.0	5.315203955500618	3.6145377921205237
230929-COI-COL-084-S1_S192_L001_R1_001										18.872446014217374	18.881387758751732	0.0	2.7665757589305673	0.0	0.0	13.110385836276658
230929-COI-COL-084-S1_S192_L001_R2_001										8.94889792998614	11.6305271158403	5.539410739035186	17.069790316090668	0.0	0.0	3.543613358966334
230929-COI-COL-084-S2_S193_L001_R1_001										18.16145247038106	32.16566543695596	2.3862331843562967	1.7620899880744068	0.0	0.0	4.646523188034283
230929-COI-COL-084-S2_S193_L001_R2_001										8.941965828160004	11.081885358269341	3.625603245544621	17.61086900794668	0.0	6.6058870077906455	3.365915094234477
230929-COI-COL-084-S3_S194_L001_R1_001										17.318114532486756	23.457016674618615	1.2955554739971373	1.8705423227021936	0.0	0.0	20.172251379356748
230929-COI-COL-084-S3_S194_L001_R2_001										7.328023880304865	9.278085660806694	9.799243953462767	13.278526076265276	0.0	7.633867948765001	3.6701288215216357
230929-COI-COL-085-B1_S201_L001_R1_001										20.78145713465717	27.803364720996022	0.0	1.5566276256987057	0.0	0.0	10.049063153435105
230929-COI-COL-085-B1_S201_L001_R2_001										8.92703393420891	11.013926282270297	9.718331032786214	17.438602725123342	0.0	7.660138579491875	3.30732120648891
230929-COI-COL-085-B2_S202_L001_R1_001										31.0550831792976	11.871349353049908	0.0	1.8587800369685765	0.0	0.0	7.5637707948244
230929-COI-COL-085-B2_S202_L001_R2_001										9.302772643253235	10.071719038817005	8.83992606284658	14.056931608133086	0.0	0.0	4.499815157116451
230929-COI-COL-085-B3_S203_L001_R1_001										17.055390399580308	25.985835446358312	0.0	2.1126606627612134	0.0	0.0	12.531695374661187
230929-COI-COL-085-B3_S203_L001_R2_001										9.315161318527586	10.047433767596397	3.1280055958730437	25.63718632508525	0.0	0.0	3.9367841217102386
230929-COI-COL-085-S1_S198_L001_R1_001										18.714670394047154	27.556578758042306	4.083331620382742	1.756459536681124	0.0	0.0	4.392690497235298
230929-COI-COL-085-S1_S198_L001_R2_001										8.019692080001645	8.184135336800345	8.693909432876318	9.153322781557689	0.0	14.204814076342782	3.555057657916915
230929-COI-COL-085-S2_S199_L001_R1_001										8.725002109526622	0.0	6.26951312125559	0.0	0.0	0.0	0.4556577504008101
230929-COI-COL-085-S2_S199_L001_R2_001										6.76736140410092	4.067167327651675	4.961606615475487	0.0	0.0	0.0	2.303603071470762
230929-COI-COL-085-S3_S200_L001_R1_001										12.600865708331108	26.139047720835784	0.0	5.306471436968952	0.0	0.0	11.851653930422701
230929-COI-COL-085-S3_S200_L001_R2_001										8.82167477154919	12.415967509218191	5.082028536311655	14.500080158178807	0.0	6.44044247314701	3.7439213381071985
230929-COI-COL-FN-3-17_S139_L001_R1_001										11.895026142914599	28.567278902444475	1.2099477141708004	0.0	0.0	9.46842740313715	5.411806765875675
230929-COI-COL-FN-3-17_S139_L001_R2_001										7.826116101354069	8.725477052330518	2.339455691111409	13.796532153550519	0.0	5.841935916342673	2.569602717075569
230929-COI-COL-FN-3-19_S140_L001_R1_001										15.499025421000567	15.823299754745584	7.005262141264201	0.0	20.381871074612363	0.0	2.458397476045258
230929-COI-COL-FN-3-19_S140_L001_R2_001										9.421067964285937	6.045582523165362	2.077546723950329	3.642193443440077	0.0	7.274128886790941	3.607195560782767
230929-COI-COL-FN-3-20_S141_L001_R1_001										18.171169005222747	21.750361909243903	0.8486324178606688	0.0	14.333140656091583	0.0	3.4845593914809374
230929-COI-COL-FN-3-20_S141_L001_R2_001										9.453549218122708	9.311738012929228	1.3426918604086862	9.089195335116235	0.0	6.1541814029095905	2.9945002804525997
230929-COI-COL-FN-3-22_S167_L001_R1_001										21.787536214668012	13.348116177314933	0.0	0.0	10.428504490948807	0.0	2.6213150131659706
230929-COI-COL-FN-3-22_S167_L001_R2_001										11.193384677318233	7.500973423878253	2.6351739293987206	4.691573118982095	0.0	0.0	4.953572630620286
230929-COI-COL-FN-3-23_S168_L001_R1_001										22.13723461989823	17.836882557853674	0.0	0.0	14.599210527536446	0.0	5.075445179904168
230929-COI-COL-FN-3-23_S168_L001_R2_001										10.905607748427238	7.723955824440029	4.064112984782253	6.631457815610579	0.0	5.8478976478220295	3.8454094636493394
230929-COI-COL-FN-3-24_S169_L001_R1_001										15.650891358823662	22.97440682685289	0.0	0.0	8.280719709226636	0.0	10.699315960176692
230929-COI-COL-FN-3-24_S169_L001_R2_001										8.072271930286634	9.26501463649567	2.5231963999488287	23.923333358417302	0.0	0.0	2.6699376161701296
230929-COI-COL-FN-3-25_S204_L001_R1_001										20.474889155349825	15.641644125930675	0.0	0.0	16.515852876383814	0.0	5.3330916594629265
230929-COI-COL-FN-3-25_S204_L001_R2_001										9.872842363570452	6.751763754496529	2.2496584032793288	10.12311424667466	0.0	0.0	1.9408270823457239
230929-COI-COL-FN-3-26_S205_L001_R1_001										15.914104545212341	34.97628816539671	0.0	0.0	0.0	6.988863430489689	5.535248041775457
230929-COI-COL-FN-3-26_S205_L001_R2_001										6.98779773005808	8.527734853732616	2.9743699046198113	27.048542654659773	0.0	0.0	3.638301273512016
230929-COI-COL-FN-3-27_S206_L001_R1_001										17.412797970821938	14.922913665030327	7.036554538474148	0.0	12.3614214599384	0.0	4.685572302409649
230929-COI-COL-FN-3-27_S206_L001_R2_001										7.900163058951419	5.963298794744152	3.8556108671457783	10.127772649233451	0.0	12.456323495155683	2.888472853704199
230929-COI-COL-FN-3-28_S171_L001_R1_001										16.311255137527663	32.061334176414796	8.21767309516282	3.296711982295289	0.0	0.0	6.704868795447361
230929-COI-COL-FN-3-28_S171_L001_R2_001										6.9791337337970285	9.185109073664242	7.065286120771419	16.55785646538097	7.926809990515333	4.992096111286752	3.027979766044894
230929-COI-EN-8-22-23_S170_L001_R1_001										22.65773090727145	9.28776929960453	1.8662137846757818	0.0	20.27047831651063	0.0	3.433179058377515
230929-COI-EN-8-22-23_S170_L001_R2_001										12.381347239559922	6.514588905363759	3.6546539448433952	0.0	0.0	3.7822303355521	4.665316452888959
230929-COI-EN-8-23-23_S142_L001_R1_001										26.467958168327943	6.497443351505505	1.1027596612311272	0.0	22.460528178375	0.0	6.310657823413444
230929-COI-EN-8-23-23_S142_L001_R2_001										11.487899208285427	4.797665327287539	2.237217019177898	0.0	0.0	3.0265198477310356	3.525724435192814
230929-COI-EN-9-1-23_S172_L001_R1_001										24.806893646048593	8.285349330230256	2.893084284653813	0.0	20.76018698713962	0.0	5.854048378575393
230929-COI-EN-9-1-23_S172_L001_R2_001										11.039261748117298	5.892808489011457	3.035980632235337	1.1789178663419715	3.886867273531703	0.0	3.611548992358789
230929-COI-NEG-PCR_S173_L001_R1_001										22.93696005700017	6.876634878957108	2.69497323169183	0.0	21.25499328730658	0.0	6.745679631346134
230929-COI-NEG-PCR_S173_L001_R2_001										10.152702106275864	5.281770700459187	2.597885621990991	0.7683788172595973	0.0	3.1184455973203575	3.5428265886711356
230929-COI-POS-PCR_S174_L001_R1_001										6.797514398302516	11.855865413761746	0.0	7.506062443164595	0.0	0.0	10.283419217944832
230929-COI-POS-PCR_S174_L001_R2_001										5.736586844498333	3.466959684752956	1.985450136404971	11.704304334646864	0.0	0.0	1.7126401939981815
230929-MiFishU-COL-071-B1_S4_L001_R1_001										6.455070359229678	7.239912872108703	0.0	49.77699408775023	0.0	17.314939667392732	1.6111744978045155
230929-MiFishU-COL-071-B1_S4_L001_R2_001										12.343117933824292	12.913598174463232	7.900286968848322	17.50164229160184	0.0	0.0	4.63299104518895
230929-MiFishU-COL-071-B2_S5_L001_R1_001										5.668219276245074	6.63919742027947	5.292010032246506	19.03977069150842	0.0	42.42923683267646	3.683267646005016
230929-MiFishU-COL-071-B2_S5_L001_R2_001										12.389824435686133	17.355786456467214	0.0	21.304192045861697	0.0	0.0	4.618416338230025
230929-MiFishU-COL-071-B3_S6_L001_R1_001										4.996956786366403	8.15581253804017	1.9456279164130657	32.30472712517752	21.081355244471496	13.526070196794482	2.8200446337999594
230929-MiFishU-COL-071-B3_S6_L001_R2_001										11.44856968959221	14.136741732602962	6.6200040576181785	18.08277541083384	0.0	0.0	5.85108541286265
230929-MiFishU-COL-071-S1_S1_L001_R1_001										4.786959844997067	6.742272072808716	0.0	9.138418330163358	54.50699468510586	8.97843823879695	2.3890360310716887
230929-MiFishU-COL-071-S1_S1_L001_R2_001										9.614803491121105	15.06123682386192	3.393355493538582	14.026698899692484	0.0	19.27760100965213	3.757754590539844
230929-MiFishU-COL-071-S2_S2_L001_R1_001										5.105974566104135	5.04198992241862	4.125409901623611	16.56402463408782	22.30824602095497	29.760857394225386	1.7723746300887786
230929-MiFishU-COL-071-S2_S2_L001_R2_001										9.828041270095177	18.16843957450212	1.8299608094057427	26.836759177797333	0.0	0.0	4.410141566024154
230929-MiFishU-COL-071-S3_S3_L001_R1_001										4.666304296450347	5.6458855225220965	0.726709835988089	7.19501819728695	49.06532117029825	19.605804225551825	1.6932929999527342
230929-MiFishU-COL-071-S3_S3_L001_R2_001										9.17545020560571	10.530793590773738	5.4733657891005345	13.143404074301648	0.0	22.034078555560807	2.9281089001276173
230929-MiFishU-COL-072-B1_S10_L001_R1_001										4.637690335243281	7.249358954066289	2.4407230365000476	11.111462850992435	31.748393428092058	26.879609990819592	1.9658741967140463
230929-MiFishU-COL-072-B1_S10_L001_R2_001										8.993637025546867	11.64012789262085	4.055209091772452	31.21023140966792	0.0	0.0	5.527240495109057
230929-MiFishU-COL-072-B2_S11_L001_R1_001										4.830736163353036	7.012358946802793	5.742432384022926	19.188608275120902	37.34193086154397	11.063944116066631	1.7839871037076842
230929-MiFishU-COL-072-B2_S11_L001_R2_001										11.257388500806018	17.186100662726133	6.170517642844349	2.797778971878918	0.0	19.2459251298585	5.310764821780404
230929-MiFishU-COL-072-S1_S7_L001_R1_001										4.461068380571067	2.1557264777157306	4.724475819197134	24.956274365188072	25.282899589084394	22.448635549467916	1.4856179538510168
230929-MiFishU-COL-072-S1_S7_L001_R2_001										9.13286271204299	13.783584448424824	14.278790433041829	18.194078600779687	0.0	0.0	5.447265830787061
230929-MiFishU-COL-072-S2_S8_L001_R1_001										4.222946339412414	4.0994376412466496	3.3531297629684134	6.888894728543649	62.54927208703421	6.589320439375625	1.1339149629473906
230929-MiFishU-COL-072-S2_S8_L001_R2_001										8.644294949282598	15.638303463499238	4.582961055342408	26.1772743995375	0.0	6.799548010721606	3.057497240763126
230929-MiFishU-COL-072-S3_S9_L001_R1_001										4.707315135950862	5.5518784252468825	6.176696407296603	18.964284768737922	27.084271001562044	21.966588123163273	1.6944216462365307
230929-MiFishU-COL-072-S3_S9_L001_R2_001										9.443753143946413	16.03346482751317	7.675200550687035	24.349368563183393	0.0	0.0	5.011781525508988
230929-MiFishU-COL-073-B1_S15_L001_R1_001										5.369522563767168	6.17833006322215	5.668192718552431	31.536952256376715	33.403095705253975	0.0	2.3108785698713756
230929-MiFishU-COL-073-B1_S15_L001_R2_001										10.464355788096794	17.968170917811204	0.0	27.240026160889467	0.0	0.0	5.299760191846523
230929-MiFishU-COL-073-B2_S16_L001_R1_001										5.825197035642866	6.999176567462652	3.5054699447123867	34.72767909657687	32.31384542994942	0.0	1.2257381484531233
230929-MiFishU-COL-073-B2_S16_L001_R2_001										11.30925773438419	13.44312433831314	10.243500764615927	21.11045759322433	0.0	0.0	3.898364898247265
230929-MiFishU-COL-073-B3_S17_L001_R1_001										5.790385622758593	12.221461095216988	7.478744409074426	34.681871297900635	0.0	21.84389732844421	1.744771729056695
230929-MiFishU-COL-073-B3_S17_L001_R2_001										9.646613208687594	11.451827376395213	5.778297135028408	21.235443446024902	0.0	0.0	9.058306805818592
230929-MiFishU-COL-073-S1_S12_L001_R1_001										5.566606299913903	3.7199774366891307	1.9891339845025682	34.287325950776356	0.0	35.828162574592525	2.324614790844046
230929-MiFishU-COL-073-S1_S12_L001_R2_001										9.031262060980316	11.545883680194757	8.62452869399994	26.29813258913992	0.0	0.0	5.652703144019238
230929-MiFishU-COL-073-S2_S13_L001_R1_001										5.4213646402417766	6.311751714518192	2.6014181099616414	15.090084854120656	0.0	53.237242822271305	2.6641869115424854
230929-MiFishU-COL-073-S2_S13_L001_R2_001										9.078228524933163	11.535510868301756	10.270835754969196	24.619318842264327	0.0	0.0	5.049401371614553
230929-MiFishU-COL-073-S3_S14_L001_R1_001										4.726138569746348	2.912065179338659	2.129149295057446	15.550109799178893	0.0	56.12170204640209	2.9598039527704403
230929-MiFishU-COL-073-S3_S14_L001_R2_001										9.296330479615545	14.257980331625348	11.826485471499952	21.151459215174565	0.0	0.0	4.465166608319278
230929-MiFishU-COL-074-B1_S21_L001_R1_001										4.233526800955958	6.784373018582647	1.8728966492708383	33.087840803784815	38.48948934302297	0.0	1.7607179437155538
230929-MiFishU-COL-074-B1_S21_L001_R2_001										10.269228893332683	13.04443252206994	7.0575037799346445	26.41564649075745	0.0	0.0	4.89684436423938
230929-MiFishU-COL-074-B2_S22_L001_R1_001										4.266173752310536	5.217498459642638	3.4725816389402344	16.867529266789898	39.91373998767715	14.060382008626002	2.516327788046827
230929-MiFishU-COL-074-B2_S22_L001_R2_001										9.419593345656192	13.947011706715958	2.876155268022181	28.993222427603204	0.0	0.0	4.712261244608749
230929-MiFishU-COL-074-B3_S23_L001_R1_001										4.518072289156627	4.705136334812936	0.0	41.569435637285984	31.83259353202283	0.0	2.8027901077996193
230929-MiFishU-COL-074-B3_S23_L001_R2_001										10.532656943563728	11.978440076093849	12.653772986683576	19.89854153455929	0.0	0.0	4.511731135066582
230929-MiFishU-COL-074-S1_S18_L001_R1_001										6.224968531868635	6.430941755349583	7.683945531525346	59.06854331159172	0.0	0.0	2.8092459091429225
230929-MiFishU-COL-074-S1_S18_L001_R2_001										11.219819201281611	20.91772514017622	0.0	14.635541824007323	0.0	0.0	7.031696990502345
230929-MiFishU-COL-074-S2_S19_L001_R1_001										6.035533879115137	10.59919874586309	3.8407942867096327	35.1201881205365	0.0	24.355512976833303	3.274690820414562
230929-MiFishU-COL-074-S2_S19_L001_R2_001										11.600766417000523	17.958543807699005	4.058526389130813	17.45775997213029	0.0	0.0	6.070371015502526
230929-MiFishU-COL-074-S3_S20_L001_R1_001										5.540166204986149	6.9503903298917145	9.629816167212288	58.00554016620498	0.0	0.0	2.9916897506925206
230929-MiFishU-COL-074-S3_S20_L001_R2_001										13.59355326114329	17.06371191135734	7.952656761521028	12.540921682195922	0.0	0.0	4.628557038529338
230929-MiFishU-COL-075-B1_S27_L001_R1_001										4.856916013669784	9.570575442714626	0.8871552349062792	16.700610997963338	40.690047982325936	11.493320445993993	1.4947012323518245
230929-MiFishU-COL-075-B1_S27_L001_R2_001										9.900238185646726	10.490524353619387	8.386551140874728	10.31447409299596	0.0	22.625910456004693	3.438158030998654
230929-MiFishU-COL-075-B2_S28_L001_R1_001										5.8958872591314355	4.703636886553194	4.120584621016028	44.77213899129344	0.0	20.64475645148639	2.2145527753810756
230929-MiFishU-COL-075-B2_S28_L001_R2_001										9.545846733077104	15.509713180118704	10.45310743326274	17.922974350929486	0.0	0.0	6.458022851465474
230929-MiFishU-COL-075-B3_S29_L001_R1_001										6.93620178041543	6.62833827893175	0.0	64.57344213649851	0.0	0.0	1.142433234421365
230929-MiFishU-COL-075-B3_S29_L001_R2_001										12.60014836795252	16.821216617210684	13.623887240356083	8.701780415430267	0.0	0.0	5.708456973293768
230929-MiFishU-COL-075-S1_S24_L001_R1_001										4.805758441833386	6.975759500370487	0.0	23.674182280088917	33.986979993648774	13.999153170318621	2.0747327193818146
230929-MiFishU-COL-075-S1_S24_L001_R2_001										7.446808510638298	9.958187784481847	4.736953530221235	35.667407642637876	0.0	0.0	5.062453689001799
230929-MiFishU-COL-075-S2_S25_L001_R1_001										5.152935923197142	6.054922973878098	10.162982808662647	29.14936369725385	0.0	29.502121009153832	1.9959812458137975
230929-MiFishU-COL-075-S2_S25_L001_R2_001										8.448314355883008	15.025675373967404	6.997097566421076	27.796383121232417	0.0	0.0	4.925206519312346
230929-MiFishU-COL-075-S3_S26_L001_R1_001										5.484266904708771	4.058803838428922	1.4952019638473555	32.00457487168043	40.48482481588931	0.0	1.82715911626869
230929-MiFishU-COL-075-S3_S26_L001_R2_001										8.650412854273599	9.082794019192145	3.344677527337648	38.328498103101985	0.0	0.0	4.61950457487168
230929-MiFishU-COL-076-B1_S33_L001_R1_001										4.327660761612498	4.988492118845027	4.313711814757986	34.356256102664254	19.593039475519596	14.876551820337564	2.3782954386943786
230929-MiFishU-COL-076-B1_S33_L001_R2_001										10.622123029711258	19.10831357232529	7.023294741247035	20.286999581531596	0.0	0.0	4.861207978797601
230929-MiFishU-COL-076-B2_S34_L001_R1_001										4.267499788904838	4.833234822257873	8.134763151228574	5.024064848433674	18.17951532550874	42.69357426327788	2.240986236595457
230929-MiFishU-COL-076-B2_S34_L001_R2_001										10.46187621379718	13.92552562695263	2.249430043063413	29.34391623743984	0.0	0.0	4.863632525542514
230929-MiFishU-COL-076-B3_S35_L001_R1_001										4.245155301125595	5.27791745638804	3.9260433992186594	34.09662321587437	20.50245619463892	14.783584110161296	2.531621088461687
230929-MiFishU-COL-076-B3_S35_L001_R2_001										10.486210497814568	17.67686535411751	9.155610567438982	19.742389664642403	0.0	0.0	4.765404401810234
230929-MiFishU-COL-076-S1_S30_L001_R1_001										4.919836529393272	9.91433511474379	5.603583778685948	39.842030807922036	0.0	20.072304306821753	3.4069475007859165
230929-MiFishU-COL-076-S1_S30_L001_R2_001										11.360421251178874	27.6171015403961	0.0	10.032222571518389	0.0	0.0	6.067274441999372
230929-MiFishU-COL-076-S2_S31_L001_R1_001										5.572072995694074	12.297518966577814	11.754152142710684	47.90342423621078	0.0	0.0	3.2602009432027885
230929-MiFishU-COL-076-S2_S31_L001_R2_001										10.570022554849293	24.16444535575149	7.422595858109493	5.7822431822841915	0.0	0.0	7.289317203198688
230929-MiFishU-COL-076-S3_S32_L001_R1_001										4.502931271049021	8.644131221155044	22.460604548667416	41.727994677975964	0.0	0.0	4.34493368259116
230929-MiFishU-COL-076-S3_S32_L001_R2_001										11.562928776350256	16.307014261361275	9.99958421687248	12.377863706290798	0.0	0.0	6.1369589622053144
230929-MiFishU-COL-077-B1_S43_L001_R1_001										5.948943051865542	9.229525239690425	1.8690077394016402	22.88090562550537	42.71456624696777	0.0	2.6475684417234606
230929-MiFishU-COL-077-B1_S43_L001_R2_001										10.132840475915444	10.989950329213354	7.171075430287628	8.702783874321359	0.0	23.548573408802127	3.4861961418505256
230929-MiFishU-COL-077-B2_S44_L001_R1_001										5.9036093953527455	6.975082986680113	3.0043279129375184	38.53943443001807	0.0	25.332997184755662	2.941300054624144
230929-MiFishU-COL-077-B2_S44_L001_R2_001										9.504601033656876	17.43770746670028	2.395058615908231	22.900121853859407	0.0	0.0	4.664061515189713
230929-MiFishU-COL-077-B3_S45_L001_R1_001										4.7057725076445465	4.883172661702575	2.6750075861907985	36.145281389323316	0.0	33.81807147358838	2.5723022338414134
230929-MiFishU-COL-077-B3_S45_L001_R2_001										9.04507364440606	15.065007819612052	7.219719427651082	21.93926378936066	0.0	0.0	5.92656567307019
230929-MiFishU-COL-077-S1_S40_L001_R1_001										4.013259145258672	9.316917248727359	20.658221853912632	42.89096720729253	0.0	0.0	1.9888717888007577
230929-MiFishU-COL-077-S1_S40_L001_R2_001										9.932520421451404	21.202793891322365	15.910974310406061	0.0	0.0	0.0	7.138629099088433
230929-MiFishU-COL-077-S2_S41_L001_R1_001										5.533299195758908	1.5181180156028797	7.56950510557547	39.73914876954125	0.0	28.3562757914395	1.7139070453929335
230929-MiFishU-COL-077-S2_S41_L001_R2_001										8.581583782644056	14.012470255128168	14.391999759028886	18.910208138799362	0.0	0.0	4.786288743636857
230929-MiFishU-COL-077-S3_S42_L001_R1_001										5.034877012639639	4.8250904704463204	0.0	20.401741228300203	52.672156081187396	0.0	2.569885141868149
230929-MiFishU-COL-077-S3_S42_L001_R2_001										9.073267949861016	12.115172811664133	9.686893585776472	25.28976766140452	0.0	0.0	2.659044422300309
230929-MiFishU-COL-078-B1_S49_L001_R1_001										4.622393668318313	8.386817864387616	9.268065578131756	58.192278274749754	0.0	0.0	1.7591699644175451
230929-MiFishU-COL-078-B1_S49_L001_R2_001										10.518439692727211	22.53001230421336	8.167337301719265	7.858069236141133	0.0	0.0	7.76495627016062
230929-MiFishU-COL-078-B2_S50_L001_R1_001										5.027163516718954	5.458208993292015	0.0	35.89410054327033	0.0	37.37087764939934	1.6068559185859668
230929-MiFishU-COL-078-B2_S50_L001_R2_001										9.340168847399699	16.97911087305838	12.388093962812762	18.652281480347895	0.0	0.0	3.866656464406866
230929-MiFishU-COL-078-B3_S51_L001_R1_001										5.435911327825184	8.352521558535374	5.250801390581968	19.382364892320194	0.0	43.351844327057655	1.9210799584631362
230929-MiFishU-COL-078-B3_S51_L001_R2_001										9.966589913765858	12.196938913720711	10.221680437040046	26.13662016343853	0.0	0.0	4.548738092013183
230929-MiFishU-COL-078-S1_S46_L001_R1_001										4.195014006921067	5.197862473222062	3.2957461333835543	16.72355752254055	57.84269874526237	0.0	1.0075566750629723
230929-MiFishU-COL-078-S1_S46_L001_R2_001										8.38061159631818	11.949433837896372	3.900750959297535	9.60945408319405	0.0	26.234139221733095	4.472798323877681
230929-MiFishU-COL-078-S2_S47_L001_R1_001										4.349320955819151	4.21179302045728	7.695834049624663	23.31098504383703	0.0	43.1837717036273	1.6274139017821327
230929-MiFishU-COL-078-S2_S47_L001_R2_001										11.042347143430176	19.60346111970661	3.2089851584436424	22.405592802704717	0.0	0.0	3.4553893759669934
230929-MiFishU-COL-078-S3_S48_L001_R1_001										4.556767006399621	2.9734534249822233	2.8466461246740935	9.46195780990756	36.26688788812515	31.268073003081298	1.4280635221616498
230929-MiFishU-COL-078-S3_S48_L001_R2_001										8.893102630955203	15.3946432803982	4.325669589950225	26.52642806352216	0.0	6.087935529746385	4.926522872718653
230929-MiFishU-COL-079-B1_S55_L001_R1_001										4.225773627820674	5.568025378583827	2.947866163883402	5.385467169449932	60.3384808762794	7.683904950020949	1.8974082719818042
230929-MiFishU-COL-079-B1_S55_L001_R2_001										8.740348356976117	10.271143831926738	2.5393547614772247	16.271622673131024	0.0	26.319806069312264	3.456634943436883
230929-MiFishU-COL-079-B2_S56_L001_R1_001										4.923722790605424	4.3849065335603195	6.683966084326396	11.782886799001703	48.97938945176272	10.027601937094028	1.4115002561856436
230929-MiFishU-COL-079-B2_S56_L001_R2_001										8.783035551956102	9.918516437201461	5.290646744789514	13.118357767383435	0.0	24.73926912715072	3.4047898451316465
230929-MiFishU-COL-079-B3_S57_L001_R1_001										4.089380452841699	5.245964796815179	0.9727829457986533	11.540962027754814	66.30334454334583	0.0	1.9046319557592444
230929-MiFishU-COL-079-B3_S57_L001_R2_001										8.221300093907265	7.693974685169875	6.467561862413818	10.069748216163287	29.112857268984115	4.19853761507653	3.481792424813991
230929-MiFishU-COL-079-S1_S52_L001_R1_001										4.332206967006074	4.683588356141316	1.570551320767426	8.847401686181618	68.28361978962022	0.0	2.0588928679681624
230929-MiFishU-COL-079-S1_S52_L001_R2_001										8.310787296384028	9.527711979523334	4.035834165946317	14.426844190980837	30.754291231182012	0.0	3.6530192979107965
230929-MiFishU-COL-079-S2_S53_L001_R1_001										4.998554688368577	5.007448913792721	6.154803993507215	9.087674827118493	62.48415716096325	0.0	1.3608164898939363
230929-MiFishU-COL-079-S2_S53_L001_R2_001										8.69410535210015	11.077757765770574	5.354323705334312	4.727280812932204	0.0	33.460076045627375	4.002401440864518
230929-MiFishU-COL-079-S3_S54_L001_R1_001										4.070360299116247	7.099762066621346	5.731645139360979	5.187797416723317	61.7479605710401	0.0	1.5338205302515295
230929-MiFishU-COL-079-S3_S54_L001_R2_001										7.766825288919104	12.0581237253569	3.900407885791978	39.118796736913666	0.0	0.0	2.502549286199864
230929-MiFishU-COL-080-B1_S61_L001_R1_001										4.983188205879817	7.112682127769636	1.3139063712388999	4.065867747219587	44.965945340115525	22.07604103802052	2.120872489007673
230929-MiFishU-COL-080-B1_S61_L001_R2_001										8.73006293646004	12.070006035003017	5.360806966117769	10.40606948874903	0.0	22.41917406672989	4.410725062505389
230929-MiFishU-COL-080-B2_S62_L001_R1_001										5.416905326896327	5.682841011373864	1.1271581703624907	14.466901235578103	59.20546600114557	0.0	1.5015137877424107
230929-MiFishU-COL-080-B2_S62_L001_R2_001										9.287292365600196	9.129776614025038	8.18672776368546	4.340888634317977	0.0	31.61975288437935	3.5410359217739953
230929-MiFishU-COL-080-B3_S63_L001_R1_001										4.733608846196805	5.0374176253769685	4.939126549759857	26.125321121411815	43.28828325700883	0.0	2.077515916452586
230929-MiFishU-COL-080-B3_S63_L001_R2_001										9.596783201161623	10.190997431028705	8.240813135261924	19.309728582598012	0.0	12.179157824193009	3.449123198927734
230929-MiFishU-COL-080-S1_S58_L001_R1_001										4.378473128706225	3.231641367993138	2.9593853727669415	21.10543393130198	54.21996792600604	0.0	1.5999701637265507
230929-MiFishU-COL-080-S1_S58_L001_R2_001										8.490284563458024	11.498153880580315	10.325215380598964	30.24465744228546	0.0	0.0	3.6941036064595534
230929-MiFishU-COL-080-S2_S59_L001_R1_001										4.927130803591571	3.9818616613274376	2.0010828858908996	3.7494923972386407	58.57961467310382	14.63249560077607	1.1979425168072915
230929-MiFishU-COL-080-S2_S59_L001_R2_001										7.986283445381943	12.56147633443126	4.157830618598565	11.316157559897126	0.0	29.100302305644544	2.278572395433831
230929-MiFishU-COL-080-S3_S60_L001_R1_001										4.670775218942588	10.298410638987999	0.0	28.895015677370527	0.0	38.66363931235809	0.6973726889393448
230929-MiFishU-COL-080-S3_S60_L001_R2_001										9.768623634987566	16.693696615850364	9.55779003135474	20.558979349118825	0.0	0.0	3.227375932533247
230929-MiFishU-COL-081-B1_S75_L001_R1_001										4.39236067310846	6.236597118853596	5.083633978353559	14.61765522113177	27.285112394984484	24.010394328531422	3.703610263137977
230929-MiFishU-COL-081-B1_S75_L001_R2_001										9.576910462446705	12.957590130433685	8.045513030754094	28.97545222897798	0.0	0.0	3.6052173474279083
230929-MiFishU-COL-081-B2_S76_L001_R1_001										4.17039099011671	5.3272722629414915	7.541435758612764	10.225502464438032	54.91483004315959	0.0	3.5651352248640094
230929-MiFishU-COL-081-B2_S76_L001_R2_001										10.557499297699007	13.118982557397144	5.812498403861379	30.811859948412803	0.0	0.0	2.367392803330184
230929-MiFishU-COL-081-S1_S72_L001_R1_001										4.041904464076303	3.5571886482683133	8.232350871706668	9.737315299820185	0.0	57.59518411383004	2.298491126573372
230929-MiFishU-COL-081-S1_S72_L001_R2_001										10.39402705026972	7.685091079665391	7.7828160425299036	27.734344460949107	0.0	0.0	6.743022437651473
230929-MiFishU-COL-081-S2_S73_L001_R1_001										4.902376910016978	15.991086587436332	7.305814940577251	10.83934634974533	0.0	43.62266553480475	0.9603140916808149
230929-MiFishU-COL-081-S2_S73_L001_R2_001										10.701400679117148	9.67741935483871	8.764855687606111	19.269949066213922	0.0	0.0	8.50488115449915
230929-MiFishU-COL-081-S3_S74_L001_R1_001										3.961008819433699	19.805044097168498	5.663004796534117	53.16416524833668	0.0	0.0	0.0
230929-MiFishU-COL-081-S3_S74_L001_R2_001										13.128578059724585	14.64490174841405	6.359275878075198	8.130898963329724	0.0	0.0	10.784465418536284
230929-MiFishU-COL-082-B1_S80_L001_R1_001										4.784355390285202	6.779773564859391	7.397323948338258	8.898037783458946	0.0	54.467279790165676	2.0252996447425216
230929-MiFishU-COL-082-B1_S80_L001_R2_001										9.193532321790233	15.571566121053158	5.123012052192967	23.24114346425844	0.0	0.0	6.590524253793287
230929-MiFishU-COL-082-B2_S81_L001_R1_001										5.038275584206285	7.910958904109588	2.8847703464947623	11.1361804995971	47.35092667203868	10.370668815471394	1.7445608380338435
230929-MiFishU-COL-082-B2_S81_L001_R2_001										8.164786462530218	14.031023368251411	8.63013698630137	3.2715551974214345	0.0	23.978646253021758	4.875100725221595
230929-MiFishU-COL-082-B3_S82_L001_R1_001										5.087707619079319	5.453849482408548	0.8471191292480776	12.620244316479711	52.74606397496922	10.333521951868988	1.6343241354059184
230929-MiFishU-COL-082-B3_S82_L001_R2_001										8.17162067702959	10.25696501680924	7.406051326432114	9.265053423426423	0.0	27.502246779615884	3.7928968478514133
230929-MiFishU-COL-082-S1_S77_L001_R1_001										4.264591749417923	6.618773755746155	2.4775626355694413	18.5966448428887	55.76605440687747	0.0	0.8974945772223438
230929-MiFishU-COL-082-S1_S77_L001_R2_001										8.74012457463533	10.238602216871307	6.039680802372092	11.942050904459613	0.0	22.41945433921713	4.372052297466717
230929-MiFishU-COL-082-S2_S78_L001_R1_001										4.286705558839403	6.08568271182956	4.641361054714605	26.19053738017527	43.689445144046665	0.0	1.6062296008840689
230929-MiFishU-COL-082-S2_S78_L001_R2_001										10.277299478296625	10.739893603351238	14.348127778777208	22.916398961733186	0.0	0.0	4.006579116445221
230929-MiFishU-COL-082-S3_S79_L001_R1_001										4.612956453117153	6.992969366525576	4.672142908386542	24.277207834134444	45.896405767989094	0.0	1.2716120238180644
230929-MiFishU-COL-082-S3_S79_L001_R2_001										9.064495300954158	15.137384317382882	4.923236961044551	25.81964272903365	0.0	0.0	5.7446732190257555
230929-MiFishU-COL-083-B1_S86_L001_R1_001										4.1583027335781315	8.287229702162383	4.275805793553652	4.181150550795594	53.85067319461444	10.328845369237046	2.195022439820481
230929-MiFishU-COL-083-B1_S86_L001_R2_001										11.004487964096288	13.473684210526315	2.852713178294574	29.405140758873927	0.0	0.0	4.971032231742146
230929-MiFishU-COL-083-B2_S87_L001_R1_001										4.496133857269616	6.562301939409304	3.8192419825072883	13.167701863354036	59.10381543921916	0.0	1.507161870959564
230929-MiFishU-COL-083-B2_S87_L001_R2_001										9.915071618709595	13.165166687793128	3.9320572949676764	14.2907846368361	0.0	17.269615920902524	4.61782228419318
230929-MiFishU-COL-083-B3_S88_L001_R1_001										4.939292926835203	8.18024769459111	6.401615611085427	13.55994063115891	31.974013966276555	17.134236842745565	2.781089564222974
230929-MiFishU-COL-083-B3_S88_L001_R2_001										11.168154942942651	14.713253363828805	7.647388014306918	17.156135185770943	0.0	0.0	7.2191537506995305
230929-MiFishU-COL-083-S1_S83_L001_R1_001										4.997977073499663	8.118678354686446	6.136210384356035	10.400539447066755	55.03978422117329	0.0	2.0418071476736346
230929-MiFishU-COL-083-S1_S83_L001_R2_001										8.946729602157788	16.14295347269049	1.480782198246797	4.202292650033716	0.0	28.74173971679029	4.547538772757923
230929-MiFishU-COL-083-S2_S84_L001_R1_001										5.306637901549633	6.019626930463837	7.4824383698597705	0.0	34.412902207371936	30.676944934094557	1.8995501065537108
230929-MiFishU-COL-083-S2_S84_L001_R2_001										10.263358678207792	18.49035754689679	2.3652292878002577	25.609724012733825	0.0	0.0	4.588386960982925
230929-MiFishU-COL-083-S3_S85_L001_R1_001										5.139536633067549	3.911539040168497	4.71829396720325	11.407401835414472	51.75831202046036	9.767564314728448	1.574018354144727
230929-MiFishU-COL-083-S3_S85_L001_R2_001										9.701745148187152	14.581766210320446	6.786896344215436	3.691514969159019	0.0	25.77854671280277	3.9021363020911695
230929-MiFishU-COL-084-B1_S92_L001_R1_001										4.43841124466248	5.875782907906832	3.9211980101896167	23.339891574235562	27.81438746316359	19.31903121321729	2.0783036780562405
230929-MiFishU-COL-084-B1_S92_L001_R2_001										9.936164545977851	14.392618112773107	8.715300748326788	15.07736719562173	0.0	10.084798914024038	4.03804352495425
230929-MiFishU-COL-084-B2_S93_L001_R1_001										3.9094014815874245	3.912001898304203	3.228092301791362	6.880702632596873	67.52827140549273	2.2145798864268	1.6229850833596084
230929-MiFishU-COL-084-B2_S93_L001_R2_001										8.922679859447477	14.064028760608888	4.602412536608991	25.081669337511336	0.0	8.776731471218262	4.030970963096836
230929-MiFishU-COL-084-B3_S94_L001_R1_001										4.347099025737967	4.521593718191072	4.549222044496147	14.948378653482624	35.074887305511126	22.073578595317723	2.096844554311473
230929-MiFishU-COL-084-B3_S94_L001_R2_001										8.845426784935292	10.631089137705395	7.730841936891086	18.934855314817508	0.0	12.719208957394212	4.6284717173185985
230929-MiFishU-COL-084-S1_S89_L001_R1_001										6.342462799223636	8.425706275609231	5.451800733232694	15.94134138451585	44.00474444684063	0.0	1.9322838041837396
230929-MiFishU-COL-084-S1_S89_L001_R2_001										11.147293508734094	12.844511537632089	5.035583351304722	9.719646323053698	0.0	15.009704550355835	5.766659478110848
230929-MiFishU-COL-084-S2_S90_L001_R1_001										3.581546472606211	4.5952420331531805	3.788553776549487	8.294163781191145	65.14274434064438	3.7634781495254304	1.8886748864927736
230929-MiFishU-COL-084-S2_S90_L001_R2_001										7.877481553408418	10.031851381560344	6.749611861305106	10.005175182598581	28.17059962760026	3.9374069667561207	4.137478458969338
230929-MiFishU-COL-084-S3_S91_L001_R1_001										4.3027504744639264	5.533051959701253	3.5539944669480406	10.998121028430068	54.250346996006	7.936058314213145	2.5210322068945983
230929-MiFishU-COL-084-S3_S91_L001_R2_001										8.291080078180324	10.374944527849381	5.446184932347582	10.962241169305726	28.59719192892011	0.0	5.048673861522627
230929-MiFishU-COL-085-B1_S98_L001_R1_001										4.710197037250108	6.801380698978858	4.330504818064145	29.649072342873577	37.41262764274414	0.0	2.611822235006472
230929-MiFishU-COL-085-B1_S98_L001_R2_001										11.326046310944916	12.925355961455487	9.982741262764275	2.837624047173882	0.0	20.59830289083849	5.017977851287214
230929-MiFishU-COL-085-B2_S99_L001_R1_001										5.086553293595627	7.651730113690465	3.128868237131268	23.530307935480185	32.03900135209766	10.167393498505076	2.652777513282931
230929-MiFishU-COL-085-B2_S99_L001_R2_001										11.991773152291902	13.966597474814801	7.9088191045685665	18.81510540648626	0.0	0.0	4.40479137704481
230929-MiFishU-COL-085-B3_S100_L001_R1_001										4.850037180864248	5.973725522597703	7.277534495579609	29.903329752953812	34.270841940014876	0.0	2.232504337767496
230929-MiFishU-COL-085-B3_S100_L001_R2_001										11.071635131785508	15.148310336280261	7.9054779806659505	2.683632157316368	0.0	18.734198132694374	4.927703875072296
230929-MiFishU-COL-085-S1_S95_L001_R1_001										4.5772971502414475	2.8066834432882177	5.123670906164275	5.439932893513796	46.67188102201365	23.19254573896484	1.5813099367476027
230929-MiFishU-COL-085-S1_S95_L001_R2_001										8.74538076129588	16.44675689768528	4.412931601260514	8.859869867827427	24.748917454487746	0.0	3.6375796322745924
230929-MiFishU-COL-085-S2_S96_L001_R1_001										7.548976285167182	6.171748416556193	4.6987774340845485	46.995139195757844	0.0	0.0	3.675062601266755
230929-MiFishU-COL-085-S2_S96_L001_R2_001										14.91383119752541	13.021063485049345	6.120194432169686	8.300191486227721	0.0	0.0	5.52364118426867
230929-MiFishU-COL-085-S3_S97_L001_R1_001										4.271953092279771	10.114477174368282	4.404579086974731	19.5588440597515	42.890548652799104	0.0	1.7869607706268325
230929-MiFishU-COL-085-S3_S97_L001_R2_001										10.973055982130392	16.623621387686725	3.3156498673740056	23.502722323049003	0.0	0.0	5.2142956861650145
230929-MiFishU-COL-FN-3-17_S36_L001_R1_001										5.927463327118584	4.7877018327646255	1.7325078270658176	5.489499419565905	68.4542864178422	0.0	2.3111830302177507
230929-MiFishU-COL-FN-3-17_S36_L001_R2_001										8.702993632813874	7.710978998839131	5.274914693777043	6.580011960460126	19.14728954866852	15.629507158687165	3.341893270482288
230929-MiFishU-COL-FN-3-19_S37_L001_R1_001										5.59370123421762	6.728613987799688	0.8909065115619237	1.7889062278337353	72.64860263867216	0.0	1.9931905234785077
230929-MiFishU-COL-FN-3-19_S37_L001_R2_001										8.528869343169244	7.718825365300043	5.427720244006242	6.686054759540361	34.74109802808909	0.0	3.2160590154631867
230929-MiFishU-COL-FN-3-20_S38_L001_R1_001										2.707851408354878	11.430126547829635	16.995509593141925	40.12790855898762	0.0	0.0	2.068308613416791
230929-MiFishU-COL-FN-3-20_S38_L001_R2_001										7.538440604163831	17.308477343856307	0.0	25.350387807865015	0.0	0.0	5.361273642672472
230929-MiFishU-COL-FN-3-22_S64_L001_R1_001										4.8143741719168265	5.51604791390639	0.7476408079387826	0.0	77.50182516291268	0.0	1.4844658356542195
230929-MiFishU-COL-FN-3-22_S64_L001_R2_001										7.521023172809128	6.628721304383095	4.549387556444853	11.46743098180245	14.432306735527135	20.155206446205014	3.8139145012573343
230929-MiFishU-COL-FN-3-23_S65_L001_R1_001										4.215249120669122	4.550364195308389	0.0	8.352950951339075	70.87822305924058	0.0	1.9331431578364306
230929-MiFishU-COL-FN-3-23_S65_L001_R2_001										7.11080953831667	6.292408674218295	7.355914365635472	8.924862215082948	36.72833522585648	0.0	2.6975378735425264
230929-MiFishU-COL-FN-3-24_S66_L001_R1_001										6.3897763578274756	3.398199244844612	0.0	62.18414173685739	0.0	0.0	4.356665698518734
230929-MiFishU-COL-FN-3-24_S66_L001_R2_001										7.115887307580598	4.240487946558234	32.29741504501888	0.0	0.0	0.0	4.1823990705779845
230929-MiFishU-COL-FN-3-25_S101_L001_R1_001										5.673651942308658	2.5729936177697375	0.0	11.548319011005578	56.178702447359164	0.0	2.321724709784411
230929-MiFishU-COL-FN-3-25_S101_L001_R2_001										7.703904718830092	5.377154630885974	9.894969596462133	27.805417357656165	0.0	0.0	3.0554299211015628
230929-MiFishU-COL-FN-3-26_S102_L001_R1_001										4.694450147129269	10.593307329090536	0.0	0.0	0.0	60.719906932183676	1.8202969958256348
230929-MiFishU-COL-FN-3-26_S102_L001_R2_001										8.293984808047629	10.819133648121536	3.9895983028809963	29.67220967631561	0.0	0.0	2.2924792992540888
230929-MiFishU-COL-FN-3-27_S103_L001_R1_001										6.870479947403024	10.897435897435898	0.0	45.627876397107165	0.0	0.0	3.8461538461538463
230929-MiFishU-COL-FN-3-27_S103_L001_R2_001										9.122287968441814	13.050624589086127	19.789612097304403	0.0	0.0	0.0	3.451676528599606
230929-MiFishU-COL-FN-3-28_S68_L001_R1_001										6.666666666666667	16.91197691197691	0.0	56.8975468975469	0.0	0.0	1.1111111111111112
230929-MiFishU-COL-FN-3-28_S68_L001_R2_001										5.555555555555555	8.643578643578644	0.0	37.113997113997115	0.0	0.0	7.2727272727272725
230929-MiFishU-EN-8-22-23_S67_L001_R1_001										3.2821745562130173	3.356139053254438	0.0	11.547707100591715	0.0	62.065458579881664	0.7673816568047337
230929-MiFishU-EN-8-22-23_S67_L001_R2_001										3.522559171597633	8.524408284023668	0.0	0.0	0.0	52.875369822485204	1.6919378698224852
230929-MiFishU-EN-8-23-23_S39_L001_R1_001										4.795139429817728	5.084904190683908	1.1559432933478735	24.231188658669573	22.036142701355352	18.7194267019785	1.9629225736095965
230929-MiFishU-EN-8-23-23_S39_L001_R2_001										5.426078828477956	5.608350210313133	6.790777379654152	14.467985667549463	29.2023679700888	0.0	2.191930207197383
230929-MiFishU-EN-9-1-23_S69_L001_R1_001										4.088858252913899	2.7071061536533403	3.6690061411204415	13.143877678907131	33.66649956134854	23.46158666499561	1.610477503446547
230929-MiFishU-EN-9-1-23_S69_L001_R2_001										4.812633162050382	5.326482015290137	1.7138739190374734	20.26883068053641	0.0	31.163053014162173	2.650708108785562
230929-MiFishU-NEG-PCR_S70_L001_R1_001										3.2385878333491505	4.40827560026573	5.80098699819683	6.2849957293347245	59.7489797855177	0.0	1.7818164562968586
230929-MiFishU-NEG-PCR_S70_L001_R2_001										5.122425737876056	8.930435607858024	0.0	0.0	52.83050204042896	0.0	1.976368985479738
230929-MiFishU-POS-PCR_S71_L001_R1_001										5.545977011494252	3.5229885057471266	0.0	0.0	72.93103448275862	0.0	2.9770114942528734
230929-MiFishU-POS-PCR_S71_L001_R2_001										8.086206896551724	7.505747126436782	5.5	39.18390804597701	0.0	0.0	2.4080459770114944
