Sample	FastQC_mqc-generalstats-fastqc-median_sequence_length	FastQC_mqc-generalstats-fastqc-percent_gc	FastQC_mqc-generalstats-fastqc-avg_sequence_length	FastQC_mqc-generalstats-fastqc-percent_fails	FastQC_mqc-generalstats-fastqc-total_sequences	FastQC_mqc-generalstats-fastqc-percent_duplicates
230929-COI-COL-071-B1_S107_L001_R1_001	301	38.0	295.02566973084623	27.27272727272727	63421.0	68.3606376436827
230929-COI-COL-071-B1_S107_L001_R2_001	301	38.0	296.1714101007553	54.54545454545454	63421.0	58.1006291291528
230929-COI-COL-071-B2_S108_L001_R1_001	301	38.0	296.28467920733243	27.27272727272727	87502.0	71.9206418139014
230929-COI-COL-071-B2_S108_L001_R2_001	301	38.0	297.2465886494023	54.54545454545454	87502.0	63.19855546158945
230929-COI-COL-071-B3_S109_L001_R1_001	301	38.0	294.1189448337202	27.27272727272727	92194.0	70.27138425494067
230929-COI-COL-071-B3_S109_L001_R2_001	301	38.0	295.39838818144347	54.54545454545454	92194.0	61.328286005596894
230929-COI-COL-071-S1_S104_L001_R1_001	301	39.0	285.91865161392906	36.36363636363637	31445.0	53.095881698203215
230929-COI-COL-071-S1_S104_L001_R2_001	301	39.0	286.19783749403723	45.45454545454545	31445.0	54.45698839243123
230929-COI-COL-071-S2_S105_L001_R1_001	301	38.0	292.18354393727054	27.27272727272727	86339.0	75.1549126119135
230929-COI-COL-071-S2_S105_L001_R2_001	301	37.0	294.60728060320366	54.54545454545454	86339.0	67.05196956184344
230929-COI-COL-071-S3_S106_L001_R1_001	301	39.0	296.0736234360359	27.27272727272727	72572.0	74.83602491318966
230929-COI-COL-071-S3_S106_L001_R2_001	301	39.0	296.6083751309045	54.54545454545454	72572.0	68.01796836245384
230929-COI-COL-072-B1_S113_L001_R1_001	301	38.0	280.24656111231604	27.27272727272727	87601.0	75.30165180762776
230929-COI-COL-072-B1_S113_L001_R2_001	301	37.0	285.3003390372256	54.54545454545454	87601.0	66.82686270704673
230929-COI-COL-072-B2_S114_L001_R1_001	301	37.0	294.27627737761674	36.36363636363637	68167.0	78.55854005603885
230929-COI-COL-072-B2_S114_L001_R2_001	301	35.0	297.7253949858436	54.54545454545454	68167.0	75.61576716006279
230929-COI-COL-072-S1_S110_L001_R1_001	301	35.0	275.2367443985055	27.27272727272727	85379.0	70.94016092950257
230929-COI-COL-072-S1_S110_L001_R2_001	301	35.0	280.1362630154956	54.54545454545454	85379.0	63.34110261305474
230929-COI-COL-072-S2_S111_L001_R1_001	301	36.0	235.40584628706304	27.27272727272727	71601.0	64.11781958352537
230929-COI-COL-072-S2_S111_L001_R2_001	301	36.0	243.86456893060154	54.54545454545454	71601.0	55.36235527436767
230929-COI-COL-072-S3_S112_L001_R1_001	301	37.0	287.29684877074436	27.27272727272727	47061.0	62.117252077091436
230929-COI-COL-072-S3_S112_L001_R2_001	301	36.0	288.5196022183974	54.54545454545454	47061.0	63.951042264295275
230929-COI-COL-073-B1_S118_L001_R1_001	301	38.0	297.7061038335257	27.27272727272727	89239.0	74.20298300070597
230929-COI-COL-073-B1_S118_L001_R2_001	301	38.0	298.37011844597095	54.54545454545454	89239.0	62.2138302760004
230929-COI-COL-073-B2_S119_L001_R1_001	301	37.0	296.13221493678725	27.27272727272727	74273.0	71.26546658947397
230929-COI-COL-073-B2_S119_L001_R2_001	301	36.0	297.7984462725351	54.54545454545454	74273.0	68.09338521400778
230929-COI-COL-073-B3_S120_L001_R1_001	301	37.0	296.31353727144864	27.27272727272727	56880.0	64.0928270042194
230929-COI-COL-073-B3_S120_L001_R2_001	301	36.0	296.80694444444447	54.54545454545454	56880.0	63.78867791842475
230929-COI-COL-073-S1_S115_L001_R1_001	301	37.0	295.1897136061837	27.27272727272727	50455.0	68.82370429095234
230929-COI-COL-073-S1_S115_L001_R2_001	301	36.0	296.8815380041621	54.54545454545454	50455.0	59.49459914775543
230929-COI-COL-073-S2_S116_L001_R1_001	301	39.0	296.785163925641	27.27272727272727	83971.0	77.43744864298388
230929-COI-COL-073-S2_S116_L001_R2_001	301	38.0	299.1917566779007	54.54545454545454	83971.0	65.57382906003264
230929-COI-COL-073-S3_S117_L001_R1_001	301	37.0	295.88523151546093	27.27272727272727	62674.0	74.23492995500527
230929-COI-COL-073-S3_S117_L001_R2_001	301	36.0	298.81748412419824	54.54545454545454	62674.0	64.66477327121294
230929-COI-COL-074-B1_S124_L001_R1_001	301	38.0	297.56364417034234	27.27272727272727	102476.0	75.90752956789882
230929-COI-COL-074-B1_S124_L001_R2_001	301	37.0	298.6046781685468	54.54545454545454	102476.0	64.04036066981537
230929-COI-COL-074-B2_S125_L001_R1_001	301	38.0	295.54171151776103	27.27272727272727	78036.0	75.23835153006304
230929-COI-COL-074-B2_S125_L001_R2_001	301	38.0	297.6877594956174	54.54545454545454	78036.0	60.98723666000308
230929-COI-COL-074-B3_S126_L001_R1_001	301	37.0	295.4125202265372	27.27272727272727	98880.0	74.09486245954693
230929-COI-COL-074-B3_S126_L001_R2_001	301	37.0	296.9257180420712	54.54545454545454	98880.0	62.82160194174757
230929-COI-COL-074-S1_S121_L001_R1_001	301	36.0	293.8996141281189	27.27272727272727	84484.0	74.58927134131906
230929-COI-COL-074-S1_S121_L001_R2_001	301	35.0	295.0612423654183	54.54545454545454	84484.0	66.74163155153639
230929-COI-COL-074-S2_S122_L001_R1_001	301	34.0	295.6445686720916	27.27272727272727	88726.0	76.50857696729256
230929-COI-COL-074-S2_S122_L001_R2_001	301	32.0	296.83836755855106	54.54545454545454	88726.0	71.67008543155332
230929-COI-COL-074-S3_S123_L001_R1_001	301	35.0	294.83567240085597	27.27272727272727	71966.0	73.77511602701276
230929-COI-COL-074-S3_S123_L001_R2_001	301	34.0	296.34708056582275	54.54545454545454	71966.0	63.420226217936246
230929-COI-COL-075-B1_S130_L001_R1_001	301	38.0	289.693367776717	27.27272727272727	89035.0	70.79575447857584
230929-COI-COL-075-B1_S130_L001_R2_001	301	38.0	291.49336777671704	54.54545454545454	89035.0	66.39973044308418
230929-COI-COL-075-B2_S131_L001_R1_001	301	38.0	285.45926894039457	27.27272727272727	71923.0	67.57782628644523
230929-COI-COL-075-B2_S131_L001_R2_001	301	37.0	289.0738011484504	54.54545454545454	71923.0	58.855998776469285
230929-COI-COL-075-B3_S132_L001_R1_001	301	38.0	290.2289788894379	27.27272727272727	58691.0	62.74215808215911
230929-COI-COL-075-B3_S132_L001_R2_001	301	38.0	292.56189194254654	45.45454545454545	58691.0	53.66410522908112
230929-COI-COL-075-S1_S127_L001_R1_001	301	38.0	267.31348408977345	36.36363636363637	94059.0	69.11725619026356
230929-COI-COL-075-S1_S127_L001_R2_001	301	38.0	274.2651527232907	54.54545454545454	94059.0	59.68594180248567
230929-COI-COL-075-S2_S128_L001_R1_001	301	37.0	284.7279647435897	36.36363636363637	22464.0	42.60594729344729
230929-COI-COL-075-S2_S128_L001_R2_001	301	37.0	286.3963675213675	36.36363636363637	22464.0	46.66132478632478
230929-COI-COL-075-S3_S129_L001_R1_001	301	39.0	278.21850261780105	27.27272727272727	95500.0	71.18638743455497
230929-COI-COL-075-S3_S129_L001_R2_001	301	38.0	283.20670157068065	54.54545454545454	95500.0	63.738219895287955
230929-COI-COL-076-B1_S136_L001_R1_001	301	37.0	270.81591915663404	36.36363636363637	32062.0	43.141413511321815
230929-COI-COL-076-B1_S136_L001_R2_001	301	37.0	273.4972553178217	45.45454545454545	32062.0	47.01203917410018
230929-COI-COL-076-B2_S137_L001_R1_001	301	36.0	260.0270197218805	36.36363636363637	107292.0	66.49051187413787
230929-COI-COL-076-B2_S137_L001_R2_001	301	36.0	270.7220482421802	54.54545454545454	107292.0	59.377213585355854
230929-COI-COL-076-B3_S138_L001_R1_001	301	38.0	269.91178752414123	36.36363636363637	60581.0	64.21155147653555
230929-COI-COL-076-B3_S138_L001_R2_001	301	38.0	275.09676301150523	54.54545454545454	60581.0	60.18388603687625
230929-COI-COL-076-S1_S133_L001_R1_001	301	38.0	277.92363247162734	36.36363636363637	103709.0	69.85603949512578
230929-COI-COL-076-S1_S133_L001_R2_001	301	37.0	283.8244703931192	54.54545454545454	103709.0	60.788359737341985
230929-COI-COL-076-S2_S134_L001_R1_001	301	36.0	277.66919620272	36.36363636363637	33603.0	47.814183257447255
230929-COI-COL-076-S2_S134_L001_R2_001	301	36.0	287.0965092402464	45.45454545454545	33603.0	33.639853584501395
230929-COI-COL-076-S3_S135_L001_R1_001	301	35.0	269.0466441770304	36.36363636363637	99305.0	65.41563868888777
230929-COI-COL-076-S3_S135_L001_R2_001	301	34.0	275.6620512562308	54.54545454545454	99305.0	63.179094708222145
230929-COI-COL-077-B1_S146_L001_R1_001	301	38.0	278.3223611958511	27.27272727272727	65560.0	69.11531421598536
230929-COI-COL-077-B1_S146_L001_R2_001	301	37.0	283.7451952410006	54.54545454545454	65560.0	57.86150091519219
230929-COI-COL-077-B2_S147_L001_R1_001	301	38.0	280.1844570677632	36.36363636363637	94358.0	71.04749994701032
230929-COI-COL-077-B2_S147_L001_R2_001	301	38.0	286.0409928145997	54.54545454545454	94358.0	61.41185697026219
230929-COI-COL-077-B3_S148_L001_R1_001	301	39.0	271.1892638170196	36.36363636363637	91988.0	65.35200243510023
230929-COI-COL-077-B3_S148_L001_R2_001	301	38.0	279.7164738878984	54.54545454545454	91988.0	56.29647345305909
230929-COI-COL-077-S1_S143_L001_R1_001	301	38.0	274.6194628357277	36.36363636363637	40025.0	49.28169893816364
230929-COI-COL-077-S1_S143_L001_R2_001	301	37.0	277.8761024359775	54.54545454545454	40025.0	52.772017489069334
230929-COI-COL-077-S2_S144_L001_R1_001	301	36.0	250.20696022459632	36.36363636363637	106146.0	67.10003203135304
230929-COI-COL-077-S2_S144_L001_R2_001	301	35.0	261.3747950935504	54.54545454545454	106146.0	59.71021046483146
230929-COI-COL-077-S3_S145_L001_R1_001	301	36.0	247.8925166755928	36.36363636363637	102695.0	65.01095476897609
230929-COI-COL-077-S3_S145_L001_R2_001	301	36.0	262.07476508106527	54.54545454545454	102695.0	57.82073129168898
230929-COI-COL-078-B1_S152_L001_R1_001	301	39.0	269.84460443079854	27.27272727272727	113343.0	76.4828882242397
230929-COI-COL-078-B1_S152_L001_R2_001	301	38.0	276.119830955595	54.54545454545454	113343.0	65.57970055495267
230929-COI-COL-078-B2_S153_L001_R1_001	301	38.0	269.4847438588738	36.36363636363637	108612.0	70.19942547784775
230929-COI-COL-078-B2_S153_L001_R2_001	301	38.0	276.0136172798586	45.45454545454545	108612.0	64.2949213714875
230929-COI-COL-078-B3_S154_L001_R1_001	301	37.0	255.4569908607284	36.36363636363637	73310.0	66.49024689673988
230929-COI-COL-078-B3_S154_L001_R2_001	301	37.0	265.43292865911883	54.54545454545454	73310.0	54.03219206111035
230929-COI-COL-078-S1_S149_L001_R1_001	301	36.0	236.27842618322967	36.36363636363637	113355.0	66.11177274932734
230929-COI-COL-078-S1_S149_L001_R2_001	301	36.0	253.55359710643555	54.54545454545454	113355.0	54.507520621057736
230929-COI-COL-078-S2_S150_L001_R1_001	301	35.0	239.5675305497892	36.36363636363637	46727.0	51.95069231921587
230929-COI-COL-078-S2_S150_L001_R2_001	301	36.0	254.73475720675413	45.45454545454545	46727.0	47.407280587240784
230929-COI-COL-078-S3_S151_L001_R1_001	301	40.0	274.1706441644878	36.36363636363637	42070.0	57.37817922510102
230929-COI-COL-078-S3_S151_L001_R2_001	301	40.0	274.95806988352746	54.54545454545454	42070.0	56.1540289992869
230929-COI-COL-079-B1_S158_L001_R1_001	301	38.0	277.65482060874	36.36363636363637	41167.0	62.63269123326937
230929-COI-COL-079-B1_S158_L001_R2_001	301	38.0	282.867636699298	54.54545454545454	41167.0	56.26351203633978
230929-COI-COL-079-B2_S159_L001_R1_001	301	38.0	286.378194403438	27.27272727272727	60966.0	62.66279565659548
230929-COI-COL-079-B2_S159_L001_R2_001	301	38.0	288.4121641570712	54.54545454545454	60966.0	60.81586458025785
230929-COI-COL-079-B3_S160_L001_R1_001	301	38.0	295.3090037534482	27.27272727272727	66339.0	70.98991543435989
230929-COI-COL-079-B3_S160_L001_R2_001	301	38.0	296.11588959737105	54.54545454545454	66339.0	62.99160373234447
230929-COI-COL-079-S1_S155_L001_R1_001	64	41.0	170.11070825429601	36.36363636363637	124941.0	71.02312291401542
230929-COI-COL-079-S1_S155_L001_R2_001	301	41.0	194.18166974812112	54.54545454545454	124941.0	53.06504670204337
230929-COI-COL-079-S2_S156_L001_R1_001	301	36.0	250.29689621443273	36.36363636363637	136994.0	67.97669970947632
230929-COI-COL-079-S2_S156_L001_R2_001	301	36.0	263.1393199702177	54.54545454545454	136994.0	57.06381301370863
230929-COI-COL-079-S3_S157_L001_R1_001	301	39.0	239.86547180100766	36.36363636363637	122859.0	65.5141259492589
230929-COI-COL-079-S3_S157_L001_R2_001	301	39.0	257.23532667529446	54.54545454545454	122859.0	53.096639236848745
230929-COI-COL-080-B1_S164_L001_R1_001	301	36.0	291.59966718716163	27.27272727272727	87737.0	73.19830858132829
230929-COI-COL-080-B1_S164_L001_R2_001	301	35.0	294.3269088297981	54.54545454545454	87737.0	64.42663870430947
230929-COI-COL-080-B2_S165_L001_R1_001	301	39.0	286.5490323983475	36.36363636363637	91980.0	69.17264622744075
230929-COI-COL-080-B2_S165_L001_R2_001	301	38.0	290.55079365079365	54.54545454545454	91980.0	58.4040008697543
230929-COI-COL-080-B3_S166_L001_R1_001	301	39.0	288.80118883231205	27.27272727272727	92696.0	71.90925174764823
230929-COI-COL-080-B3_S166_L001_R2_001	301	38.0	292.0716859411409	54.54545454545454	92696.0	65.67705186847328
230929-COI-COL-080-S1_S161_L001_R1_001	301	37.0	262.99850235949026	27.27272727272727	106167.0	69.01297013196191
230929-COI-COL-080-S1_S161_L001_R2_001	301	36.0	270.4065764314712	54.54545454545454	106167.0	60.911582695187775
230929-COI-COL-080-S2_S162_L001_R1_001	301	38.0	263.38413834771603	36.36363636363637	87721.0	66.95660104193979
230929-COI-COL-080-S2_S162_L001_R2_001	301	37.0	272.7247295402469	54.54545454545454	87721.0	55.21710878808951
230929-COI-COL-080-S3_S163_L001_R1_001	301	36.0	280.49652573085285	27.27272727272727	103475.0	72.92969316259966
230929-COI-COL-080-S3_S163_L001_R2_001	301	35.0	284.8646629620681	54.54545454545454	103475.0	64.0096641700894
230929-COI-COL-081-B1_S178_L001_R1_001	301	40.0	269.07897330906883	36.36363636363637	79128.0	64.89232635729451
230929-COI-COL-081-B1_S178_L001_R2_001	301	40.0	278.8219972702457	54.54545454545454	79128.0	53.01663128096249
230929-COI-COL-081-B2_S179_L001_R1_001	301	38.0	254.07315371872002	36.36363636363637	114690.0	64.21222425669195
230929-COI-COL-081-B2_S179_L001_R2_001	301	38.0	266.8564652541634	45.45454545454545	114690.0	54.14334292440492
230929-COI-COL-081-S1_S175_L001_R1_001	301	37.0	250.08159513091994	27.27272727272727	63092.0	47.25321752361631
230929-COI-COL-081-S1_S175_L001_R2_001	301	36.0	255.43916819882077	54.54545454545454	63092.0	51.45818804285805
230929-COI-COL-081-S2_S176_L001_R1_001	301	36.0	249.9444243884829	36.36363636363637	102491.0	57.29381116390708
230929-COI-COL-081-S2_S176_L001_R2_001	301	36.0	261.3047487096428	54.54545454545454	102491.0	55.21850699085773
230929-COI-COL-081-S3_S177_L001_R1_001	301	37.0	262.5781807572323	36.36363636363637	89114.0	63.57025832080257
230929-COI-COL-081-S3_S177_L001_R2_001	301	37.0	270.1004780393653	54.54545454545454	89114.0	60.348542316583256
230929-COI-COL-082-B1_S183_L001_R1_001	301	39.0	291.19709070948267	27.27272727272727	36435.0	57.84547824893646
230929-COI-COL-082-B1_S183_L001_R2_001	301	39.0	292.0789076437491	54.54545454545454	36435.0	57.06600795937972
230929-COI-COL-082-B2_S184_L001_R1_001	301	39.0	276.1116579858948	36.36363636363637	80254.0	64.82418321828195
230929-COI-COL-082-B2_S184_L001_R2_001	301	38.0	281.3163456027114	45.45454545454545	80254.0	60.05806564158796
230929-COI-COL-082-B3_S185_L001_R1_001	301	38.0	286.0104949045662	27.27272727272727	88805.0	68.38578908845223
230929-COI-COL-082-B3_S185_L001_R2_001	301	37.0	289.03031360846796	54.54545454545454	88805.0	62.49422892855132
230929-COI-COL-082-S1_S180_L001_R1_001	301	35.0	261.4024368610242	36.36363636363637	107105.0	65.07352597917931
230929-COI-COL-082-S1_S180_L001_R2_001	301	35.0	269.9008262919565	54.54545454545454	107105.0	58.32687549600859
230929-COI-COL-082-S2_S181_L001_R1_001	301	36.0	252.007609078114	36.36363636363637	113680.0	64.58919774806475
230929-COI-COL-082-S2_S181_L001_R2_001	301	35.0	263.39667487684727	54.54545454545454	113680.0	56.08638282899366
230929-COI-COL-082-S3_S182_L001_R1_001	301	36.0	268.142821717729	27.27272727272727	80653.0	66.68319839311619
230929-COI-COL-082-S3_S182_L001_R2_001	301	35.0	273.8774875082142	54.54545454545454	80653.0	61.89478382701201
230929-COI-COL-083-B1_S189_L001_R1_001	301	38.0	255.02838934538343	27.27272727272727	98699.0	67.14657696633198
230929-COI-COL-083-B1_S189_L001_R2_001	301	37.0	264.0604768032098	54.54545454545454	98699.0	56.18597959452477
230929-COI-COL-083-B2_S190_L001_R1_001	301	38.0	242.01701354476378	36.36363636363637	102918.0	62.48178161254591
230929-COI-COL-083-B2_S190_L001_R2_001	301	38.0	252.6243125595134	54.54545454545454	102918.0	56.1932800870596
230929-COI-COL-083-B3_S191_L001_R1_001	301	39.0	244.88558563445994	36.36363636363637	36866.0	39.502522649595825
230929-COI-COL-083-B3_S191_L001_R2_001	301	39.0	250.5666196495416	36.36363636363637	36866.0	37.226712960451366
230929-COI-COL-083-S1_S186_L001_R1_001	301	36.0	248.32385622736138	36.36363636363637	89725.0	63.528559487322376
230929-COI-COL-083-S1_S186_L001_R2_001	301	36.0	260.69207021454446	54.54545454545454	89725.0	52.37336305377542
230929-COI-COL-083-S2_S187_L001_R1_001	301	36.0	253.65939866159792	36.36363636363637	127316.0	66.58628923308932
230929-COI-COL-083-S2_S187_L001_R2_001	301	36.0	264.8268874297025	54.54545454545454	127316.0	56.880517766816425
230929-COI-COL-083-S3_S188_L001_R1_001	301	40.0	251.30112119594233	36.36363636363637	125491.0	68.1403447259166
230929-COI-COL-083-S3_S188_L001_R2_001	301	39.0	261.06197257173824	54.54545454545454	125491.0	56.17135890223203
230929-COI-COL-084-B1_S195_L001_R1_001	301	40.0	238.386724319633	36.36363636363637	129048.0	71.86473250263468
230929-COI-COL-084-B1_S195_L001_R2_001	301	40.0	250.49715609695616	54.54545454545454	129048.0	56.58282189572872
230929-COI-COL-084-B2_S196_L001_R1_001	301	39.0	246.27809008865742	36.36363636363637	125765.0	68.20419035502724
230929-COI-COL-084-B2_S196_L001_R2_001	301	39.0	257.2689937581998	45.45454545454545	125765.0	53.736731205025244
230929-COI-COL-084-B3_S197_L001_R1_001	301	38.0	247.2011182917016	36.36363636363637	120541.0	64.7016367874831
230929-COI-COL-084-B3_S197_L001_R2_001	301	38.0	263.5645796865797	54.54545454545454	120541.0	51.89686496710662
230929-COI-COL-084-S1_S192_L001_R1_001	301	38.0	240.4219340993428	36.36363636363637	111835.0	66.98081995797381
230929-COI-COL-084-S1_S192_L001_R2_001	301	38.0	253.65190682702195	54.54545454545454	111835.0	55.25282782670899
230929-COI-COL-084-S2_S193_L001_R1_001	301	40.0	259.4140855744904	45.45454545454545	89723.0	68.92881423938121
230929-COI-COL-084-S2_S193_L001_R2_001	301	39.0	267.75225973273297	54.54545454545454	89723.0	58.850016160850615
230929-COI-COL-084-S3_S194_L001_R1_001	301	39.0	274.4487955860584	36.36363636363637	81741.0	71.66415874530529
230929-COI-COL-084-S3_S194_L001_R2_001	301	38.0	283.1130277339401	54.54545454545454	81741.0	57.625916002985036
230929-COI-COL-085-B1_S201_L001_R1_001	301	38.0	279.9668721214689	36.36363636363637	73171.0	69.97034344207404
230929-COI-COL-085-B1_S201_L001_R2_001	301	37.0	284.5204247584426	54.54545454545454	73171.0	65.2908939333889
230929-COI-COL-085-B2_S202_L001_R1_001	301	38.0	274.12798521256934	36.36363636363637	67625.0	64.328280961183
230929-COI-COL-085-B2_S202_L001_R2_001	301	38.0	281.3801404805915	54.54545454545454	67625.0	54.74750462107209
230929-COI-COL-085-B3_S203_L001_R1_001	301	38.0	268.6293608463758	36.36363636363637	91496.0	70.15060767683833
230929-COI-COL-085-B3_S203_L001_R2_001	301	37.0	276.9879666870683	54.54545454545454	91496.0	59.91300166127481
230929-COI-COL-085-S1_S198_L001_R1_001	301	37.0	249.07598306234456	36.36363636363637	97298.0	68.6458097802627
230929-COI-COL-085-S1_S198_L001_R2_001	301	37.0	260.2308577771383	54.54545454545454	97298.0	59.79979033484758
230929-COI-COL-085-S2_S199_L001_R1_001	301	39.0	270.03729643068095	45.45454545454545	11851.0	30.284364188676065
230929-COI-COL-085-S2_S199_L001_R2_001	301	40.0	273.0578854105139	54.54545454545454	11851.0	23.60982195595308
230929-COI-COL-085-S3_S200_L001_R1_001	301	37.0	235.13795756960403	36.36363636363637	93565.0	68.75113557419976
230929-COI-COL-085-S3_S200_L001_R2_001	301	37.0	252.56171645380218	54.54545454545454	93565.0	58.821140383690484
230929-COI-COL-FN-3-17_S139_L001_R1_001	301	38.0	217.14823256021808	36.36363636363637	89508.0	68.49667068865352
230929-COI-COL-FN-3-17_S139_L001_R2_001	301	38.0	247.4236269383742	45.45454545454545	89508.0	48.44036287259239
230929-COI-COL-FN-3-19_S140_L001_R1_001	64	45.0	139.4313141305175	45.45454545454545	170843.0	72.96816375268521
230929-COI-COL-FN-3-19_S140_L001_R2_001	301	46.0	199.95347190110218	54.54545454545454	170843.0	39.65513809370898
230929-COI-COL-FN-3-20_S141_L001_R1_001	64	39.0	161.50497976888963	36.36363636363637	195491.0	72.02531062811076
230929-COI-COL-FN-3-20_S141_L001_R2_001	301	40.0	207.39957849721984	45.45454545454545	195491.0	46.87918503417521
230929-COI-COL-FN-3-22_S167_L001_R1_001	64	43.0	119.9726715370858	45.45454545454545	151527.0	64.531073670039
230929-COI-COL-FN-3-22_S167_L001_R2_001	64	44.0	156.5330205177955	45.45454545454545	151527.0	42.00769499825113
230929-COI-COL-FN-3-23_S168_L001_R1_001	64	40.0	133.91557004828678	36.36363636363637	215587.0	72.20472477468493
230929-COI-COL-FN-3-23_S168_L001_R2_001	294	42.0	182.4836330576519	45.45454545454545	215587.0	48.95267468443842
230929-COI-COL-FN-3-24_S169_L001_R1_001	301	35.0	201.83757628661945	36.36363636363637	132887.0	69.96696441337377
230929-COI-COL-FN-3-24_S169_L001_R2_001	301	36.0	229.03226801718753	54.54545454545454	132887.0	53.95937902127371
230929-COI-COL-FN-3-25_S204_L001_R1_001	64	39.0	142.46734614204846	36.36363636363637	143444.0	69.8941747302083
230929-COI-COL-FN-3-25_S204_L001_R2_001	301	41.0	192.96873344301608	45.45454545454545	143444.0	40.0246786202281
230929-COI-COL-FN-3-26_S205_L001_R1_001	301	33.0	235.74717322960515	36.36363636363637	93835.0	72.75536846592424
230929-COI-COL-FN-3-26_S205_L001_R2_001	301	33.0	256.9551446688336	54.54545454545454	93835.0	55.84376831672617
230929-COI-COL-FN-3-27_S206_L001_R1_001	301	33.0	192.59998792155915	36.36363636363637	115909.0	68.53824983392144
230929-COI-COL-FN-3-27_S206_L001_R2_001	301	35.0	226.5135321674762	54.54545454545454	115909.0	51.40411874832843
230929-COI-COL-FN-3-28_S171_L001_R1_001	301	34.0	259.6374802402782	36.36363636363637	126520.0	75.3201074928865
230929-COI-COL-FN-3-28_S171_L001_R2_001	301	33.0	271.12138792285805	54.54545454545454	126520.0	61.8692696806829
230929-COI-EN-8-22-23_S170_L001_R1_001	64	43.0	88.41973211966092	54.54545454545454	207854.0	70.71550222752509
230929-COI-EN-8-22-23_S170_L001_R2_001	64	45.0	161.8409556708074	45.45454545454545	207854.0	41.284929182713746
230929-COI-EN-8-23-23_S142_L001_R1_001	54	43.0	84.05018005296284	54.54545454545454	289637.0	73.26446552063445
230929-COI-EN-8-23-23_S142_L001_R2_001	74	45.0	163.06071047552626	45.45454545454545	289637.0	33.52317431479196
230929-COI-EN-9-1-23_S172_L001_R1_001	54	43.0	86.02461061065078	54.54545454545454	299058.0	73.38041450153482
230929-COI-EN-9-1-23_S172_L001_R2_001	64	45.0	158.3871924509627	45.45454545454545	299058.0	37.0733294876026
230929-COI-NEG-PCR_S173_L001_R1_001	54	43.0	83.25764867708811	54.54545454545454	303157.0	72.65872138858744
230929-COI-NEG-PCR_S173_L001_R2_001	64	45.0	157.55037158963836	45.45454545454545	303157.0	34.838250918414275
230929-COI-POS-PCR_S174_L001_R1_001	301	41.0	192.6717944831767	45.45454545454545	26392.0	53.07668990603213
230929-COI-POS-PCR_S174_L001_R2_001	301	42.0	220.4239542285541	45.45454545454545	26392.0	30.990451652015764
230929-MiFishU-COL-071-B1_S4_L001_R1_001	214	49.0	236.0459841648515	45.45454545454545	28923.0	86.94118867337413
230929-MiFishU-COL-071-B1_S4_L001_R2_001	224	49.0	250.8756353075407	54.54545454545454	28923.0	63.631020295266744
230929-MiFishU-COL-071-B2_S5_L001_R1_001	224	48.0	234.76169831601575	45.45454545454545	27910.0	87.23754926549624
230929-MiFishU-COL-071-B2_S5_L001_R2_001	224	49.0	251.08000716589035	54.54545454545454	27910.0	63.296309566463634
230929-MiFishU-COL-071-B3_S6_L001_R1_001	214	49.0	231.57715560965713	45.45454545454545	49290.0	88.69750456482045
230929-MiFishU-COL-071-B3_S6_L001_R2_001	224	50.0	251.9984783931832	54.54545454545454	49290.0	64.38628525055793
230929-MiFishU-COL-071-S1_S1_L001_R1_001	224	48.0	235.96467995093943	45.45454545454545	56257.0	90.0474607604387
230929-MiFishU-COL-071-S1_S1_L001_R2_001	224	48.0	252.09543701228293	54.54545454545454	56257.0	71.80795278809748
230929-MiFishU-COL-071-S2_S2_L001_R1_001	224	49.0	235.0410621450852	45.45454545454545	62515.0	88.61873150443893
230929-MiFishU-COL-071-S2_S2_L001_R2_001	224	50.0	253.1505398704311	54.54545454545454	62515.0	68.34679676877549
230929-MiFishU-COL-071-S3_S3_L001_R1_001	224	50.0	237.16365741834855	45.45454545454545	84628.0	91.31611287044477
230929-MiFishU-COL-071-S3_S3_L001_R2_001	224	51.0	261.13747223141274	54.54545454545454	84628.0	69.86694710970364
230929-MiFishU-COL-072-B1_S10_L001_R1_001	222	48.0	234.34971034220774	45.45454545454545	31589.0	89.60714172655038
230929-MiFishU-COL-072-B1_S10_L001_R2_001	224	49.0	248.8974009940169	54.54545454545454	31589.0	68.69479882237488
230929-MiFishU-COL-072-B2_S11_L001_R1_001	224	47.0	233.7690309869246	45.45454545454545	55830.0	90.19881783987104
230929-MiFishU-COL-072-B2_S11_L001_R2_001	224	48.0	248.68126455310764	54.54545454545454	55830.0	68.97725237327602
230929-MiFishU-COL-072-S1_S7_L001_R1_001	214	47.0	231.406785375619	45.45454545454545	47455.0	89.36255399852492
230929-MiFishU-COL-072-S1_S7_L001_R2_001	224	48.0	247.79966283847855	54.54545454545454	47455.0	67.80950374038562
230929-MiFishU-COL-072-S2_S8_L001_R1_001	214	49.0	231.43250381037473	45.45454545454545	76108.0	91.54885163189152
230929-MiFishU-COL-072-S2_S8_L001_R2_001	224	49.0	248.67609186944867	54.54545454545454	76108.0	71.37488831660272
230929-MiFishU-COL-072-S3_S9_L001_R1_001	224	47.0	230.9296815016812	45.45454545454545	37771.0	89.68785576235736
230929-MiFishU-COL-072-S3_S9_L001_R2_001	224	48.0	246.14693812713458	54.54545454545454	37771.0	69.51894310449816
230929-MiFishU-COL-073-B1_S15_L001_R1_001	224	49.0	232.82812295618052	54.54545454545454	45870.0	88.31480270329192
230929-MiFishU-COL-073-B1_S15_L001_R2_001	224	50.0	253.4278395465446	54.54545454545454	45870.0	68.33224329627207
230929-MiFishU-COL-073-B2_S16_L001_R1_001	224	49.0	231.94602987883778	54.54545454545454	42505.0	88.43430184684155
230929-MiFishU-COL-073-B2_S16_L001_R2_001	224	50.0	253.2014586519233	54.54545454545454	42505.0	67.58734266556876
230929-MiFishU-COL-073-B3_S17_L001_R1_001	214	49.0	231.163396059153	45.45454545454545	24817.0	87.66571301930128
230929-MiFishU-COL-073-B3_S17_L001_R2_001	224	49.0	250.4567433614055	45.45454545454545	24817.0	65.13277189023653
230929-MiFishU-COL-073-S1_S12_L001_R1_001	224	49.0	235.01285514948194	45.45454545454545	33683.0	87.99097467565241
230929-MiFishU-COL-073-S1_S12_L001_R2_001	224	50.0	252.2164890300745	54.54545454545454	33683.0	68.31933022592999
230929-MiFishU-COL-073-S2_S13_L001_R1_001	224	48.0	232.82208531907474	45.45454545454545	43015.0	89.12007439265372
230929-MiFishU-COL-073-S2_S13_L001_R2_001	224	49.0	251.55980471928396	54.54545454545454	43015.0	67.77170754388004
230929-MiFishU-COL-073-S3_S14_L001_R1_001	224	48.0	232.4728366379173	54.54545454545454	31421.0	88.92778714872219
230929-MiFishU-COL-073-S3_S14_L001_R2_001	224	49.0	253.1019063683524	54.54545454545454	31421.0	67.83679704656122
230929-MiFishU-COL-074-B1_S21_L001_R1_001	224	48.0	232.3480222406477	45.45454545454545	41006.0	89.80636979954153
230929-MiFishU-COL-074-B1_S21_L001_R2_001	224	48.0	249.5735745988392	54.54545454545454	41006.0	68.62654245720138
230929-MiFishU-COL-074-B2_S22_L001_R1_001	224	48.0	233.29525569932224	45.45454545454545	40575.0	89.83364140480592
230929-MiFishU-COL-074-B2_S22_L001_R2_001	224	49.0	253.03078250154036	54.54545454545454	40575.0	67.23598274799754
230929-MiFishU-COL-074-B3_S23_L001_R1_001	224	48.0	230.93880786303106	54.54545454545454	31540.0	89.2422320862397
230929-MiFishU-COL-074-B3_S23_L001_R2_001	224	48.0	248.88956880152188	54.54545454545454	31540.0	66.59480025364616
230929-MiFishU-COL-074-S1_S18_L001_R1_001	217	48.0	231.62387000801007	45.45454545454545	17478.0	86.73189152076897
230929-MiFishU-COL-074-S1_S18_L001_R2_001	224	49.0	248.32011671815997	54.54545454545454	17478.0	62.09520540107564
230929-MiFishU-COL-074-S2_S19_L001_R1_001	214	47.0	227.41639087267026	54.54545454545454	22964.0	87.50653196307263
230929-MiFishU-COL-074-S2_S19_L001_R2_001	217	48.0	246.25587876676536	54.54545454545454	22964.0	65.23253788538582
230929-MiFishU-COL-074-S3_S20_L001_R1_001	214	48.0	229.93930999748173	45.45454545454545	19855.0	87.27272727272728
230929-MiFishU-COL-074-S3_S20_L001_R2_001	224	48.0	247.71176026189877	54.54545454545454	19855.0	63.96877360866281
230929-MiFishU-COL-075-B1_S27_L001_R1_001	214	47.0	229.87735165176568	45.45454545454545	57938.0	89.07107597776934
230929-MiFishU-COL-075-B1_S27_L001_R2_001	214	48.0	244.970727329214	54.54545454545454	57938.0	71.78880872656978
230929-MiFishU-COL-075-B2_S28_L001_R1_001	214	49.0	232.1210552461631	45.45454545454545	38247.0	86.7283708526159
230929-MiFishU-COL-075-B2_S28_L001_R2_001	224	49.0	247.91348341046356	54.54545454545454	38247.0	67.3726043872722
230929-MiFishU-COL-075-B3_S29_L001_R1_001	224	49.0	236.546587537092	45.45454545454545	26960.0	84.30637982195846
230929-MiFishU-COL-075-B3_S29_L001_R2_001	224	50.0	250.42830118694363	54.54545454545454	26960.0	65.53412462908011
230929-MiFishU-COL-075-S1_S24_L001_R1_001	224	49.0	232.52207049857097	54.54545454545454	37788.0	89.23203133269821
230929-MiFishU-COL-075-S1_S24_L001_R2_001	222	50.0	253.84468614374933	54.54545454545454	37788.0	69.98518048057585
230929-MiFishU-COL-075-S2_S25_L001_R1_001	224	50.0	234.11605269033265	45.45454545454545	22395.0	86.79615985711096
230929-MiFishU-COL-075-S2_S25_L001_R2_001	224	50.0	252.77061844161642	54.54545454545454	22395.0	69.71198928332217
230929-MiFishU-COL-075-S3_S26_L001_R1_001	214	47.0	230.60728632001786	45.45454545454545	35848.0	88.91709439857175
230929-MiFishU-COL-075-S3_S26_L001_R2_001	224	48.0	244.80643271591163	54.54545454545454	35848.0	70.70129435393885
230929-MiFishU-COL-076-B1_S33_L001_R1_001	224	48.0	233.75772422932067	36.36363636363637	57352.0	88.5548891058725
230929-MiFishU-COL-076-B1_S33_L001_R2_001	224	49.0	247.48224996512764	54.54545454545454	57352.0	69.13272422932069
230929-MiFishU-COL-076-B2_S34_L001_R1_001	214	47.0	230.15333952545808	45.45454545454545	59215.0	89.15646373385123
230929-MiFishU-COL-076-B2_S34_L001_R2_001	214	48.0	246.44032761969095	45.45454545454545	59215.0	68.17360466098117
230929-MiFishU-COL-076-B3_S35_L001_R1_001	214	48.0	230.08395544037444	45.45454545454545	51706.0	88.90457587127219
230929-MiFishU-COL-076-B3_S35_L001_R2_001	224	48.0	244.7382121997447	45.45454545454545	51706.0	68.92043476579121
230929-MiFishU-COL-076-S1_S30_L001_R1_001	214	49.0	230.71066488525622	45.45454545454545	25448.0	87.5589437283873
230929-MiFishU-COL-076-S1_S30_L001_R2_001	224	49.0	248.8601461804464	54.54545454545454	25448.0	63.24662055957246
230929-MiFishU-COL-076-S2_S31_L001_R1_001	214	47.0	228.149220832479	54.54545454545454	19508.0	85.20606930490055
230929-MiFishU-COL-076-S2_S31_L001_R2_001	214	47.0	244.4801107238056	54.54545454545454	19508.0	63.061308181258966
230929-MiFishU-COL-076-S3_S32_L001_R1_001	214	48.0	230.3406511163777	45.45454545454545	24051.0	86.09621221570829
230929-MiFishU-COL-076-S3_S32_L001_R2_001	214	49.0	245.33279281526757	45.45454545454545	24051.0	64.00565465053428
230929-MiFishU-COL-077-B1_S43_L001_R1_001	214	46.0	232.54141157444843	45.45454545454545	43285.0	88.65195795310154
230929-MiFishU-COL-077-B1_S43_L001_R2_001	224	47.0	246.37183781910593	54.54545454545454	43285.0	70.76585422201687
230929-MiFishU-COL-077-B2_S44_L001_R1_001	214	48.0	231.98710029833185	45.45454545454545	23799.0	87.03306861632842
230929-MiFishU-COL-077-B2_S44_L001_R2_001	224	49.0	250.9674356065381	54.54545454545454	23799.0	64.8472624900206
230929-MiFishU-COL-077-B3_S45_L001_R1_001	214	47.0	230.7919516351159	45.45454545454545	42841.0	88.6323848649658
230929-MiFishU-COL-077-B3_S45_L001_R2_001	224	48.0	249.23223080693728	54.54545454545454	42841.0	66.57874466048878
230929-MiFishU-COL-077-S1_S40_L001_R1_001	224	47.0	229.56540783710193	45.45454545454545	8447.0	83.875932283651
230929-MiFishU-COL-077-S1_S40_L001_R2_001	224	47.0	243.7985083461584	54.54545454545454	8447.0	62.590268734461944
230929-MiFishU-COL-077-S2_S41_L001_R1_001	214	48.0	228.47353835958916	45.45454545454545	33199.0	88.40627729750896
230929-MiFishU-COL-077-S2_S41_L001_R2_001	214	48.0	245.30738877677038	54.54545454545454	33199.0	67.71589505708003
230929-MiFishU-COL-077-S3_S42_L001_R1_001	214	49.0	229.20732155032255	54.54545454545454	19067.0	89.37431163790843
230929-MiFishU-COL-077-S3_S42_L001_R2_001	224	50.0	253.4222478627996	54.54545454545454	19067.0	66.33450464152725
230929-MiFishU-COL-078-B1_S49_L001_R1_001	224	48.0	233.20311928436035	45.45454545454545	30071.0	86.79126068305011
230929-MiFishU-COL-078-B1_S49_L001_R2_001	224	49.0	249.59449303315486	54.54545454545454	30071.0	64.43084699544411
230929-MiFishU-COL-078-B2_S50_L001_R1_001	217	49.0	232.66794194914175	45.45454545454545	39207.0	89.33098681357922
230929-MiFishU-COL-078-B2_S50_L001_R2_001	224	49.0	248.06603412655903	45.45454545454545	39207.0	68.43675874206136
230929-MiFishU-COL-078-B3_S51_L001_R1_001	224	48.0	233.55948349812633	45.45454545454545	44298.0	87.75791232109802
230929-MiFishU-COL-078-B3_S51_L001_R2_001	224	49.0	248.70285340195946	45.45454545454545	44298.0	70.07314099959366
230929-MiFishU-COL-078-S1_S46_L001_R1_001	214	49.0	228.19235386897054	45.45454545454545	42479.0	91.14150521434121
230929-MiFishU-COL-078-S1_S46_L001_R2_001	224	49.0	248.53680642199674	54.54545454545454	42479.0	71.09395230584525
230929-MiFishU-COL-078-S2_S47_L001_R1_001	224	47.0	232.19385708555384	45.45454545454545	17451.0	87.81158672855423
230929-MiFishU-COL-078-S2_S47_L001_R2_001	224	48.0	247.8153687467767	54.54545454545454	17451.0	66.27127385250128
230929-MiFishU-COL-078-S3_S48_L001_R1_001	217	49.0	230.6719838824366	45.45454545454545	84380.0	91.5086513391799
230929-MiFishU-COL-078-S3_S48_L001_R2_001	214	49.0	245.43813699928893	54.54545454545454	84380.0	72.33112111874851
230929-MiFishU-COL-079-B1_S55_L001_R1_001	214	46.0	228.73294128209733	45.45454545454545	66828.0	90.89004608846591
230929-MiFishU-COL-079-B1_S55_L001_R2_001	214	47.0	243.55574010893636	54.54545454545454	66828.0	73.97797330460287
230929-MiFishU-COL-079-B2_S56_L001_R1_001	214	47.0	228.1053005636084	45.45454545454545	60503.0	91.15746326628431
230929-MiFishU-COL-079-B2_S56_L001_R2_001	214	47.0	245.77972993074724	54.54545454545454	60503.0	72.19311439102194
230929-MiFishU-COL-079-B3_S57_L001_R1_001	214	47.0	228.89561043735102	45.45454545454545	124591.0	92.24342047178368
230929-MiFishU-COL-079-B3_S57_L001_R2_001	214	48.0	247.2901975263061	54.54545454545454	124591.0	75.10173286995048
230929-MiFishU-COL-079-S1_S52_L001_R1_001	224	47.0	237.34483648977852	45.45454545454545	89077.0	92.0664144504193
230929-MiFishU-COL-079-S1_S52_L001_R2_001	224	48.0	249.33807829181495	54.54545454545454	89077.0	76.18352661180776
230929-MiFishU-COL-079-S2_S53_L001_R1_001	224	47.0	235.09034309474575	45.45454545454545	44973.0	91.51713250172325
230929-MiFishU-COL-079-S2_S53_L001_R2_001	224	47.0	249.7304827340849	54.54545454545454	44973.0	73.20392235341205
230929-MiFishU-COL-079-S3_S54_L001_R1_001	224	46.0	226.9729350781781	45.45454545454545	23536.0	88.85537049626105
230929-MiFishU-COL-079-S3_S54_L001_R2_001	224	47.0	240.25888001359618	54.54545454545454	23536.0	71.22705642420122
230929-MiFishU-COL-080-B1_S61_L001_R1_001	214	46.0	228.80132770066385	45.45454545454545	57995.0	89.95603069230106
230929-MiFishU-COL-080-B1_S61_L001_R2_001	224	47.0	248.57461850159495	54.54545454545454	57995.0	70.09914647814466
230929-MiFishU-COL-080-B2_S62_L001_R1_001	214	45.0	226.48347107438016	45.45454545454545	48884.0	90.31789542590623
230929-MiFishU-COL-080-B2_S62_L001_R2_001	214	45.0	243.12024384256608	54.54545454545454	48884.0	72.37951067834057
230929-MiFishU-COL-080-B3_S63_L001_R1_001	214	46.0	228.45591421869764	45.45454545454545	44765.0	89.65709817938121
230929-MiFishU-COL-080-B3_S63_L001_R2_001	214	47.0	245.85102200379762	54.54545454545454	44765.0	69.60348486540825
230929-MiFishU-COL-080-S1_S58_L001_R1_001	224	48.0	231.74875992988476	45.45454545454545	53626.0	90.7899153395741
230929-MiFishU-COL-080-S1_S58_L001_R2_001	224	48.0	248.87968522731512	54.54545454545454	53626.0	70.62991832320142
230929-MiFishU-COL-080-S2_S59_L001_R1_001	214	48.0	226.99309660244552	45.45454545454545	44326.0	91.60763434553084
230929-MiFishU-COL-080-S2_S59_L001_R2_001	214	48.0	242.69024951495737	54.54545454545454	44326.0	73.57984027433109
230929-MiFishU-COL-080-S3_S60_L001_R1_001	214	48.0	218.82381879122067	54.54545454545454	18498.0	87.32835982268354
230929-MiFishU-COL-080-S3_S60_L001_R2_001	214	48.0	236.32571088766352	54.54545454545454	18498.0	66.78559844307493
230929-MiFishU-COL-081-B1_S75_L001_R1_001	214	46.0	228.01602038499382	45.45454545454545	39637.0	89.07838635618235
230929-MiFishU-COL-081-B1_S75_L001_R2_001	214	47.0	243.7512677548755	54.54545454545454	39637.0	69.99520649897823
230929-MiFishU-COL-081-B2_S76_L001_R1_001	214	46.0	227.56929795438873	45.45454545454545	39157.0	89.41185484076921
230929-MiFishU-COL-081-B2_S76_L001_R2_001	214	47.0	244.39167964859413	54.54545454545454	39157.0	69.56610567714586
230929-MiFishU-COL-081-S1_S72_L001_R1_001	214	49.0	229.5492533812837	45.45454545454545	25582.0	89.34797904776796
230929-MiFishU-COL-081-S1_S72_L001_R2_001	224	49.0	246.0230240012509	54.54545454545454	25582.0	67.46931436166054
230929-MiFishU-COL-081-S2_S73_L001_R1_001	214	49.0	230.68813667232598	54.54545454545454	18848.0	87.63794567062818
230929-MiFishU-COL-081-S2_S73_L001_R2_001	224	50.0	247.53904923599322	54.54545454545454	18848.0	64.6275466893039
230929-MiFishU-COL-081-S3_S74_L001_R1_001	214	49.0	231.09577595543865	45.45454545454545	12926.0	86.87915828562588
230929-MiFishU-COL-081-S3_S74_L001_R2_001	214	50.0	249.28701841250194	54.54545454545454	12926.0	61.17901903140956
230929-MiFishU-COL-082-B1_S80_L001_R1_001	214	49.0	229.1597330588665	45.45454545454545	30119.0	88.45247186161559
230929-MiFishU-COL-082-B1_S80_L001_R2_001	214	50.0	247.06158903018027	54.54545454545454	30119.0	67.34951359606893
230929-MiFishU-COL-082-B2_S81_L001_R1_001	214	48.0	228.12461724415795	54.54545454545454	49640.0	89.60112812248187
230929-MiFishU-COL-082-B2_S81_L001_R2_001	214	49.0	244.58688557614826	54.54545454545454	49640.0	69.71192586623691
230929-MiFishU-COL-082-B3_S82_L001_R1_001	214	48.0	227.588439902806	54.54545454545454	60086.0	91.47888027161069
230929-MiFishU-COL-082-B3_S82_L001_R2_001	214	49.0	245.0547548513797	54.54545454545454	60086.0	72.76070964950239
230929-MiFishU-COL-082-S1_S77_L001_R1_001	214	50.0	230.34275934807266	45.45454545454545	50251.0	91.44494636922649
230929-MiFishU-COL-082-S1_S77_L001_R2_001	224	50.0	250.9419116037492	54.54545454545454	50251.0	70.24735826152713
230929-MiFishU-COL-082-S2_S78_L001_R1_001	214	49.0	230.69150111793581	45.45454545454545	38911.0	89.86918866130401
230929-MiFishU-COL-082-S2_S78_L001_R2_001	224	49.0	248.7986944565804	54.54545454545454	38911.0	69.12441211996608
230929-MiFishU-COL-082-S3_S79_L001_R1_001	214	50.0	231.1209197216443	45.45454545454545	55756.0	90.55527656216371
230929-MiFishU-COL-082-S3_S79_L001_R2_001	224	50.0	249.6700444795179	54.54545454545454	55756.0	67.89224478083077
230929-MiFishU-COL-083-B1_S86_L001_R1_001	214	48.0	230.3545165238678	45.45454545454545	61275.0	90.31252549979601
230929-MiFishU-COL-083-B1_S86_L001_R2_001	224	49.0	248.48530395756833	54.54545454545454	61275.0	68.7360261117911
230929-MiFishU-COL-083-B2_S87_L001_R1_001	224	49.0	231.83864875142604	45.45454545454545	78890.0	91.29547471162378
230929-MiFishU-COL-083-B2_S87_L001_R2_001	224	50.0	249.99615920902522	54.54545454545454	78890.0	70.14070224363037
230929-MiFishU-COL-083-B3_S88_L001_R1_001	214	47.0	233.35879218472468	45.45454545454545	41099.0	88.59339643300324
230929-MiFishU-COL-083-B3_S88_L001_R2_001	224	48.0	248.58020876420352	45.45454545454545	41099.0	65.74855835908417
230929-MiFishU-COL-083-S1_S83_L001_R1_001	224	47.0	236.37386378961565	45.45454545454545	37075.0	89.96628455832771
230929-MiFishU-COL-083-S1_S83_L001_R2_001	224	47.0	248.8305057316251	54.54545454545454	37075.0	70.65677680377613
230929-MiFishU-COL-083-S2_S84_L001_R1_001	224	47.0	232.30150753768845	45.45454545454545	38009.0	89.33673603620196
230929-MiFishU-COL-083-S2_S84_L001_R2_001	224	48.0	247.69136257202243	54.54545454545454	38009.0	68.47851824567866
230929-MiFishU-COL-083-S3_S85_L001_R1_001	224	47.0	234.362231081691	45.45454545454545	53176.0	91.04295170753724
230929-MiFishU-COL-083-S3_S85_L001_R2_001	224	48.0	251.14908981495412	54.54545454545454	53176.0	70.71611253196932
230929-MiFishU-COL-084-B1_S92_L001_R1_001	214	48.0	231.97056524017768	45.45454545454545	116393.0	90.12569484419166
230929-MiFishU-COL-084-B1_S92_L001_R2_001	214	49.0	248.34316496696536	45.45454545454545	116393.0	69.21893928329024
230929-MiFishU-COL-084-B2_S93_L001_R1_001	214	48.0	230.73699710378588	45.45454545454545	307643.0	91.91888000052009
230929-MiFishU-COL-084-B2_S93_L001_R2_001	224	49.0	249.90047880172799	45.45454545454545	307643.0	71.89469612505404
230929-MiFishU-COL-084-B3_S94_L001_R1_001	214	50.0	230.3430492947506	45.45454545454545	137540.0	90.72124472880617
230929-MiFishU-COL-084-B3_S94_L001_R2_001	224	50.0	251.06900538025303	54.54545454545454	137540.0	70.39552130289371
230929-MiFishU-COL-084-S1_S89_L001_R1_001	214	46.0	238.33916325210265	45.45454545454545	46370.0	85.79253827905974
230929-MiFishU-COL-084-S1_S89_L001_R2_001	214	48.0	251.85768816044856	54.54545454545454	46370.0	67.18352383006254
230929-MiFishU-COL-084-S2_S90_L001_R1_001	214	47.0	228.85436395938817	45.45454545454545	187433.0	92.91800269963133
230929-MiFishU-COL-084-S2_S90_L001_R2_001	214	48.0	246.07936702715102	54.54545454545454	187433.0	76.22243681742276
230929-MiFishU-COL-084-S3_S91_L001_R1_001	214	46.0	228.75030450669914	45.45454545454545	105909.0	91.49458497389269
230929-MiFishU-COL-084-S3_S91_L001_R2_001	214	47.0	243.6837568100917	54.54545454545454	105909.0	74.50641588533553
230929-MiFishU-COL-085-B1_S98_L001_R1_001	214	47.0	229.45035236588524	45.45454545454545	69530.0	88.77462965626349
230929-MiFishU-COL-085-B1_S98_L001_R2_001	214	47.0	244.19933841507262	54.54545454545454	69530.0	69.46210268948656
230929-MiFishU-COL-085-B2_S99_L001_R1_001	214	47.0	229.61779436689454	45.45454545454545	52511.0	87.83112109843651
230929-MiFishU-COL-085-B2_S99_L001_R2_001	214	47.0	250.82586505684523	54.54545454545454	52511.0	64.29319571137476
230929-MiFishU-COL-085-B3_S100_L001_R1_001	214	47.0	228.521292241593	45.45454545454545	60515.0	88.39791787160208
230929-MiFishU-COL-085-B3_S100_L001_R2_001	214	48.0	246.4254647608031	54.54545454545454	60515.0	67.5039246467818
230929-MiFishU-COL-085-S1_S95_L001_R1_001	224	47.0	232.2673263959736	45.45454545454545	88218.0	91.88600965789294
230929-MiFishU-COL-085-S1_S95_L001_R2_001	224	47.0	247.59524133396812	54.54545454545454	88218.0	72.78559931079825
230929-MiFishU-COL-085-S2_S96_L001_R1_001	224	47.0	252.79091176903816	54.54545454545454	13578.0	75.46030343202239
230929-MiFishU-COL-085-S2_S96_L001_R2_001	224	48.0	257.8149948446016	54.54545454545454	13578.0	56.10546472234497
230929-MiFishU-COL-085-S3_S97_L001_R1_001	224	47.0	233.8230490018149	45.45454545454545	28652.0	86.57685327376797
230929-MiFishU-COL-085-S3_S97_L001_R2_001	224	47.0	247.92223928521568	54.54545454545454	28652.0	66.47005444646098
230929-MiFishU-COL-FN-3-17_S36_L001_R1_001	214	45.0	225.28873957856968	45.45454545454545	56854.0	91.43771766278537
230929-MiFishU-COL-FN-3-17_S36_L001_R2_001	214	45.0	241.92238013156506	54.54545454545454	56854.0	72.83392549336898
230929-MiFishU-COL-FN-3-19_S37_L001_R1_001	214	44.0	219.2534402042843	45.45454545454545	70490.0	92.07263441622925
230929-MiFishU-COL-FN-3-19_S37_L001_R2_001	214	45.0	240.46114342459924	54.54545454545454	70490.0	72.45424882962122
230929-MiFishU-COL-FN-3-20_S38_L001_R1_001	54	45.0	118.8197033610015	63.63636363636363	7349.0	78.4868689617635
230929-MiFishU-COL-FN-3-20_S38_L001_R2_001	54	47.0	140.3346033473942	72.72727272727273	7349.0	60.484419648931826
230929-MiFishU-COL-FN-3-22_S64_L001_R1_001	224	49.0	229.1339804775167	45.45454545454545	73966.0	92.41949003596247
230929-MiFishU-COL-FN-3-22_S64_L001_R2_001	224	49.0	247.0036368061001	54.54545454545454	73966.0	74.39904821134034
230929-MiFishU-COL-FN-3-23_S65_L001_R1_001	224	52.0	224.95726590411832	45.45454545454545	72214.0	91.9378513861578
230929-MiFishU-COL-FN-3-23_S65_L001_R2_001	224	52.0	243.6599412856233	54.54545454545454	72214.0	74.43293544188109
230929-MiFishU-COL-FN-3-24_S66_L001_R1_001	214	44.0	213.52396166134184	54.54545454545454	3443.0	82.05053732210283
230929-MiFishU-COL-FN-3-24_S66_L001_R2_001	214	46.0	233.61864652918965	54.54545454545454	3443.0	57.21754284054604
230929-MiFishU-COL-FN-3-25_S101_L001_R1_001	214	45.0	230.94341424192172	45.45454545454545	19899.0	84.08462736820945
230929-MiFishU-COL-FN-3-25_S101_L001_R2_001	224	46.0	249.66837529524096	54.54545454545454	19899.0	61.26438514498216
230929-MiFishU-COL-FN-3-26_S102_L001_R1_001	224	51.0	225.60993635803737	45.45454545454545	14613.0	83.2067337302402
230929-MiFishU-COL-FN-3-26_S102_L001_R2_001	224	51.0	245.8743584479573	54.54545454545454	14613.0	61.04153835625812
230929-MiFishU-COL-FN-3-27_S103_L001_R1_001	214	44.0	215.68343195266272	45.45454545454545	6084.0	74.29322813938198
230929-MiFishU-COL-FN-3-27_S103_L001_R2_001	214	46.0	230.85322156476002	63.63636363636363	6084.0	52.2353714661407
230929-MiFishU-COL-FN-3-28_S68_L001_R1_001	214	48.0	228.73766233766233	45.45454545454545	6930.0	86.17604617604617
230929-MiFishU-COL-FN-3-28_S68_L001_R2_001	214	49.0	246.24805194805194	54.54545454545454	6930.0	66.07503607503608
230929-MiFishU-EN-8-22-23_S67_L001_R1_001	34	47.0	74.71098372781066	72.72727272727273	10816.0	83.87573964497042
230929-MiFishU-EN-8-22-23_S67_L001_R2_001	34	49.0	106.03947855029585	72.72727272727273	10816.0	71.17233727810651
230929-MiFishU-EN-8-23-23_S39_L001_R1_001	54	48.0	99.36904502258919	63.63636363636363	64190.0	81.93643869761645
230929-MiFishU-EN-8-23-23_S39_L001_R2_001	44	49.0	108.00431531391182	72.72727272727273	64190.0	69.11980059199252
230929-MiFishU-EN-9-1-23_S69_L001_R1_001	44	47.0	125.49849605213686	63.63636363636363	31916.0	85.4618373229728
230929-MiFishU-EN-9-1-23_S69_L001_R2_001	64	48.0	146.01334753728537	72.72727272727273	31916.0	71.30906128587543
230929-MiFishU-NEG-PCR_S70_L001_R1_001	34	46.0	78.58358640979407	63.63636363636363	42148.0	83.89959191420708
230929-MiFishU-NEG-PCR_S70_L001_R2_001	34	48.0	105.13471576350005	72.72727272727273	42148.0	72.73654740438455
230929-MiFishU-POS-PCR_S71_L001_R1_001	214	40.0	219.19454022988506	54.54545454545454	17400.0	87.90229885057471
230929-MiFishU-POS-PCR_S71_L001_R2_001	214	41.0	232.82718390804598	54.54545454545454	17400.0	69.01724137931035
